     -29.9998      0.00000
     -29.2111      0.00000
     -28.4223      0.00000
     -27.6336      0.00000
     -26.8449      0.00000
     -26.0562      0.00000
     -25.2675      0.00000
     -24.4788      0.00000
     -23.6901      0.00000
     -22.9014      0.00000
     -22.1126      0.00000
     -21.3239      0.00000
     -20.5352      0.00000
     -19.7465      0.00000
     -18.9578      0.00000
     -18.1691      0.00000
     -17.3804      0.00000
     -16.5917      0.00000
     -15.8030      0.00000
     -15.0142      0.00000
     -14.2255      0.00000
     -13.4368      0.00000
     -12.6481      0.00000
     -11.8594      0.00000
     -11.0707      0.00000
     -10.2820      0.00000
     -9.49327      0.00000
     -8.70455      0.00000
     -7.91584      0.00000
     -7.12713      0.00000
     -6.33842      0.00000
     -5.54971      0.00000
     -4.76100      0.00000
     -3.97229      0.00000
     -3.18357      0.00000
     -2.39486      0.00000
     -1.60615      0.00000
    -0.817439      0.00000
   -0.0287280      0.00000
     0.759983      0.00000
      1.54869      0.00000
      2.33741      0.00000
      3.12612      0.00000
      3.91483      0.00000
      4.70354      0.00000
      5.49225      0.00000
      6.28096      0.00000
      7.06967      0.00000
      7.85839      0.00000
      8.64710      0.00000
      9.43581      0.00000
      10.2245      0.00000
      11.0132      0.00000
      11.8019      0.00000
      12.5907      0.00000
      13.3794      0.00000
      14.1681      0.00000
      14.9568      0.00000
      15.7455      0.00000
      16.5342      0.00000
      17.3229      0.00000
      18.1116      0.00000
      18.9003      0.00000
      19.6891      0.00000
      20.4778      0.00000
      21.2665      0.00000
      22.0552      0.00000
      22.8439      0.00000
      23.6326      0.00000
      24.4213      0.00000
      25.2100      0.00000
      25.9988      0.00000
      26.7875      0.00000
      27.5762      0.00000
      28.3649      0.00000
      29.1536      0.00000
      29.9423      0.00000
      30.7310      0.00000
      31.5197      0.00000
      32.3084      0.00000
      33.0972      0.00000
      33.8859      0.00000
      34.6746      0.00000
      35.4633      0.00000
      36.2520      0.00000
      37.0407      0.00000
      37.8294      0.00000
      38.6181      0.00000
      39.4068      0.00000
      40.1956      0.00000
      40.9843      0.00000
      41.7730      0.00000
      42.5617      0.00000
      43.3504      0.00000
      44.1391      0.00000
      44.9278      0.00000
      45.7165      0.00000
      46.5052      0.00000
      47.2940      0.00000
      48.0827      0.00000
      48.8714      0.00000
      49.6601      0.00000
      50.4488      0.00000
      51.2375      0.00000
      52.0262      0.00000
      52.8149      0.00000
      53.6037      0.00000
      54.3924      0.00000
      55.1811      0.00000
      55.9698      0.00000
      56.7585      0.00000
      57.5472      0.00000
      58.3359      0.00000
      59.1246      0.00000
      59.9133      0.00000
      60.7021      0.00000
      61.4908      0.00000
      62.2795      0.00000
      63.0682      0.00000
      63.8569      0.00000
      64.6456      0.00000
      65.4343      0.00000
      66.2230      0.00000
      67.0117      0.00000
      67.8005      0.00000
      68.5892      0.00000
      69.3779      0.00000
      70.1666      0.00000
      70.9553      0.00000
      71.7440      0.00000
      72.5327      0.00000
      73.3214      0.00000
      74.1101      0.00000
      74.8989      0.00000
      75.6876      0.00000
      76.4763      0.00000
      77.2650      0.00000
      78.0537      0.00000
      78.8424      0.00000
      79.6311      0.00000
      80.4198      0.00000
      81.2085      0.00000
      81.9973      0.00000
      82.7860      0.00000
      83.5747      0.00000
      84.3634      0.00000
      85.1521      0.00000
      85.9408      0.00000
      86.7295      0.00000
      87.5182      0.00000
      88.3070      0.00000
      89.0957      0.00000
      89.8844      0.00000
      90.6731      0.00000
      91.4618      0.00000
      92.2505      0.00000
      93.0392      0.00000
      93.8279      0.00000
      94.6166      0.00000
      95.4054      0.00000
      96.1941      0.00000
      96.9828      0.00000
      97.7715      0.00000
      98.5602      0.00000
      99.3489      0.00000
      100.138      0.00000
      100.926      0.00000
      101.715      0.00000
      102.504      0.00000
      103.292      0.00000
      104.081      0.00000
      104.870      0.00000
      105.659      0.00000
      106.447      0.00000
      107.236      0.00000
      108.025      0.00000
      108.813      0.00000
      109.602      0.00000
      110.391      0.00000
      111.180      0.00000
      111.968      0.00000
      112.757      0.00000
      113.546      0.00000
      114.334      0.00000
      115.123      0.00000
      115.912      0.00000
      116.701      0.00000
      117.489      0.00000
      118.278      0.00000
      119.067      0.00000
      119.855      0.00000
      120.644      0.00000
      121.433      0.00000
      122.222      0.00000
      123.010      0.00000
      123.799      0.00000
      124.588      0.00000
      125.376      0.00000
      126.165      0.00000
      126.954      0.00000
      127.743      0.00000
      128.531      0.00000
      129.320      0.00000
      130.109      0.00000
      130.897      0.00000
      131.686      0.00000
      132.475      0.00000
      133.264      0.00000
      134.052      0.00000
      134.841      0.00000
      135.630      0.00000
      136.418      0.00000
      137.207      0.00000
      137.996      0.00000
      138.784      0.00000
      139.573      0.00000
      140.362      0.00000
      141.151      0.00000
      141.939      0.00000
      142.728      0.00000
      143.517      0.00000
      144.305      0.00000
      145.094      0.00000
      145.883      0.00000
      146.672      0.00000
      147.460      0.00000
      148.249      0.00000
      149.038      0.00000
      149.826      0.00000
      150.615      0.00000
      151.404      0.00000
      152.193      0.00000
      152.981      0.00000
      153.770      0.00000
      154.559      0.00000
      155.347      0.00000
      156.136      0.00000
      156.925      0.00000
      157.714      0.00000
      158.502      0.00000
      159.291      0.00000
      160.080      0.00000
      160.868      0.00000
      161.657      0.00000
      162.446      0.00000
      163.235      0.00000
      164.023      0.00000
      164.812      0.00000
      165.601      0.00000
      166.389      0.00000
      167.178      0.00000
      167.967      0.00000
      168.756      0.00000
      169.544      0.00000
      170.333      0.00000
      171.122      0.00000
      171.910      0.00000
      172.699      0.00000
      173.488      0.00000
      174.276      0.00000
      175.065      0.00000
      175.854      0.00000
      176.643      0.00000
      177.431      0.00000
      178.220      0.00000
      179.009      0.00000
      179.797      0.00000
      180.586      0.00000
      181.375      0.00000
      182.164      0.00000
      182.952      0.00000
      183.741      0.00000
      184.530      0.00000
      185.318      0.00000
      186.107      0.00000
      186.896      0.00000
      187.685      0.00000
      188.473      0.00000
      189.262      0.00000
      190.051      0.00000
      190.839      0.00000
      191.628      0.00000
      192.417      0.00000
      193.206      0.00000
      193.994      0.00000
      194.783      0.00000
      195.572      0.00000
      196.360      0.00000
      197.149      0.00000
      197.938      0.00000
      198.727      0.00000
      199.515      0.00000
      200.304      0.00000
      201.093      0.00000
      201.881      0.00000
      202.670      0.00000
      203.459      0.00000
      204.248      0.00000
      205.036      0.00000
      205.825      0.00000
      206.614      0.00000
      207.402      0.00000
      208.191      0.00000
      208.980      0.00000
      209.769      0.00000
      210.557      0.00000
      211.346      0.00000
      212.135      0.00000
      212.923      0.00000
      213.712      0.00000
      214.501      0.00000
      215.290      0.00000
      216.078      0.00000
      216.867      0.00000
      217.656      0.00000
      218.444      0.00000
      219.233      0.00000
      220.022      0.00000
      220.810      0.00000
      221.599      0.00000
      222.388      0.00000
      223.177      0.00000
      223.965      0.00000
      224.754      0.00000
      225.543      0.00000
      226.331      0.00000
      227.120      0.00000
      227.909      0.00000
      228.698      0.00000
      229.486      0.00000
      230.275      0.00000
      231.064      0.00000
      231.852      0.00000
      232.641      0.00000
      233.430      0.00000
      234.219      0.00000
      235.007      0.00000
      235.796      0.00000
      236.585      0.00000
      237.373      0.00000
      238.162      0.00000
      238.951      0.00000
      239.740      0.00000
      240.528      0.00000
      241.317      0.00000
      242.106      0.00000
      242.894      0.00000
      243.683      0.00000
      244.472      0.00000
      245.261      0.00000
      246.049      0.00000
      246.838      0.00000
      247.627      0.00000
      248.415      0.00000
      249.204      0.00000
      249.993      0.00000
      250.782      0.00000
      251.570      0.00000
      252.359      0.00000
      253.148      0.00000
      253.936      0.00000
      254.725      0.00000
      255.514      0.00000
      256.302      0.00000
      257.091      0.00000
      257.880      0.00000
      258.669      0.00000
      259.457      0.00000
      260.246      0.00000
      261.035      0.00000
      261.823      0.00000
      262.612      0.00000
      263.401      0.00000
      264.190      0.00000
      264.978      0.00000
      265.767      0.00000
      266.556      0.00000
      267.344      0.00000
      268.133      0.00000
      268.922      0.00000
      269.711      0.00000
      270.499      0.00000
      271.288      0.00000
      272.077      0.00000
      272.865      0.00000
      273.654      0.00000
      274.443      0.00000
      275.232      0.00000
      276.020      0.00000
      276.809      0.00000
      277.598      0.00000
      278.386      0.00000
      279.175      0.00000
      279.964      0.00000
      280.753      0.00000
      281.541      0.00000
      282.330      0.00000
      283.119      0.00000
      283.907      0.00000
      284.696      0.00000
      285.485      0.00000
      286.274      0.00000
      287.062      0.00000
      287.851      0.00000
      288.640      0.00000
      289.428      0.00000
      290.217      0.00000
      291.006      0.00000
      291.794      0.00000
      292.583      0.00000
      293.372      0.00000
      294.161      0.00000
      294.949      0.00000
      295.738      0.00000
      296.527      0.00000
      297.315      0.00000
      298.104      0.00000
      298.893      0.00000
      299.682      0.00000
      300.470      0.00000
      301.259      0.00000
      302.048      0.00000
      302.836      0.00000
      303.625      0.00000
      304.414      0.00000
      305.203      0.00000
      305.991      0.00000
      306.780      0.00000
      307.569      0.00000
      308.357      0.00000
      309.146      0.00000
      309.935      0.00000
      310.724      0.00000
      311.512      0.00000
      312.301      0.00000
      313.090      0.00000
      313.878      0.00000
      314.667      0.00000
      315.456      0.00000
      316.245      0.00000
      317.033      0.00000
      317.822      0.00000
      318.611      0.00000
      319.399      0.00000
      320.188      0.00000
      320.977      0.00000
      321.766      0.00000
      322.554      0.00000
      323.343      0.00000
      324.132      0.00000
      324.920      0.00000
      325.709      0.00000
      326.498      0.00000
      327.287      0.00000
      328.075      0.00000
      328.864      0.00000
      329.653      0.00000
      330.441      0.00000
      331.230      0.00000
      332.019      0.00000
      332.808      0.00000
      333.596      0.00000
      334.385      0.00000
      335.174      0.00000
      335.962      0.00000
      336.751      0.00000
      337.540      0.00000
      338.328      0.00000
      339.117      0.00000
      339.906      0.00000
      340.695      0.00000
      341.483      0.00000
      342.272      0.00000
      343.061      0.00000
      343.849      0.00000
      344.638      0.00000
      345.427      0.00000
      346.216      0.00000
      347.004      0.00000
      347.793      0.00000
      348.582      0.00000
      349.370      0.00000
      350.159      0.00000
      350.948      0.00000
      351.737      0.00000
      352.525      0.00000
      353.314      0.00000
      354.103      0.00000
      354.891      0.00000
      355.680      0.00000
      356.469      0.00000
      357.258      0.00000
      358.046      0.00000
      358.835      0.00000
      359.624      0.00000
      360.412      0.00000
      361.201      0.00000
      361.990      0.00000
      362.779      0.00000
      363.567      0.00000
      364.356      0.00000
      365.145      0.00000
      365.933      0.00000
      366.722      0.00000
      367.511      0.00000
      368.300      0.00000
      369.088      0.00000
      369.877      0.00000
      370.666      0.00000
      371.454      0.00000
      372.243      0.00000
      373.032      0.00000
      373.821      0.00000
      374.609      0.00000
      375.398      0.00000
      376.187      0.00000
      376.975      0.00000
      377.764      0.00000
      378.553      0.00000
      379.342      0.00000
      380.130      0.00000
      380.919      0.00000
      381.708      0.00000
      382.496      0.00000
      383.285      0.00000
      384.074      0.00000
      384.862      0.00000
      385.651      0.00000
      386.440      0.00000
      387.229      0.00000
      388.017      0.00000
      388.806      0.00000
      389.595      0.00000
      390.383      0.00000
      391.172      0.00000
      391.961      0.00000
      392.750      0.00000
      393.538      0.00000
      394.327      0.00000
      395.116      0.00000
      395.904      0.00000
      396.693      0.00000
      397.482      0.00000
      398.271      0.00000
      399.059      0.00000
      399.848      0.00000
      400.637      0.00000
      401.425      0.00000
      402.214      0.00000
      403.003      0.00000
      403.792      0.00000
      404.580      0.00000
      405.369      0.00000
      406.158      0.00000
      406.946      0.00000
      407.735      0.00000
      408.524      0.00000
      409.313      0.00000
      410.101      0.00000
      410.890      0.00000
      411.679      0.00000
      412.467      0.00000
      413.256      0.00000
      414.045      0.00000
      414.834      0.00000
      415.622      0.00000
      416.411      0.00000
      417.200      0.00000
      417.988      0.00000
      418.777      0.00000
      419.566      0.00000
      420.354      0.00000
      421.143      0.00000
      421.932      0.00000
      422.721      0.00000
      423.509      0.00000
      424.298      0.00000
      425.087      0.00000
      425.875      0.00000
      426.664      0.00000
      427.453      0.00000
      428.242      0.00000
      429.030      0.00000
      429.819      0.00000
      430.608      0.00000
      431.396      0.00000
      432.185      0.00000
      432.974      0.00000
      433.763      0.00000
      434.551      0.00000
      435.340      0.00000
      436.129      0.00000
      436.917      0.00000
      437.706      0.00000
      438.495      0.00000
      439.284      0.00000
      440.072      0.00000
      440.861      0.00000
      441.650      0.00000
      442.438      0.00000
      443.227      0.00000
      444.016      0.00000
      444.805      0.00000
      445.593      0.00000
      446.382      0.00000
      447.171      0.00000
      447.959      0.00000
      448.748      0.00000
      449.537      0.00000
      450.326      0.00000
      451.114      0.00000
      451.903      0.00000
      452.692      0.00000
      453.480      0.00000
      454.269      0.00000
      455.058      0.00000
      455.846      0.00000
      456.635      0.00000
      457.424      0.00000
      458.213      0.00000
      459.001      0.00000
      459.790      0.00000
      460.579      0.00000
      461.367      0.00000
      462.156      0.00000
      462.945      0.00000
      463.734      0.00000
      464.522      0.00000
      465.311      0.00000
      466.100      0.00000
      466.888      0.00000
      467.677      0.00000
      468.466      0.00000
      469.255      0.00000
      470.043      0.00000
      470.832      0.00000
      471.621      0.00000
      472.409      0.00000
      473.198      0.00000
      473.987      0.00000
      474.776      0.00000
      475.564      0.00000
      476.353      0.00000
      477.142      0.00000
      477.930      0.00000
      478.719      0.00000
      479.508      0.00000
      480.297      0.00000
      481.085      0.00000
      481.874      0.00000
      482.663      0.00000
      483.451      0.00000
      484.240      0.00000
      485.029      0.00000
      485.818      0.00000
      486.606      0.00000
      487.395      0.00000
      488.184      0.00000
      488.972      0.00000
      489.761      0.00000
      490.550      0.00000
      491.339      0.00000
      492.127      0.00000
      492.916      0.00000
      493.705      0.00000
      494.493      0.00000
      495.282      0.00000
      496.071      0.00000
      496.860      0.00000
      497.648      0.00000
      498.437      0.00000
      499.226      0.00000
      500.014      0.00000
      500.803      0.00000
      501.592      0.00000
      502.380      0.00000
      503.169      0.00000
      503.958      0.00000
      504.747      0.00000
      505.535      0.00000
      506.324      0.00000
      507.113      0.00000
      507.901      0.00000
      508.690      0.00000
      509.479      0.00000
      510.268      0.00000
      511.056      0.00000
      511.845      0.00000
      512.634      0.00000
      513.422      0.00000
      514.211      0.00000
      515.000      0.00000
      515.789      0.00000
      516.577      0.00000
      517.366      0.00000
      518.155      0.00000
      518.943      0.00000
      519.732      0.00000
      520.521      0.00000
      521.310      0.00000
      522.098      0.00000
      522.887      0.00000
      523.676      0.00000
      524.464      0.00000
      525.253      0.00000
      526.042      0.00000
      526.831      0.00000
      527.619      0.00000
      528.408      0.00000
      529.197      0.00000
      529.985      0.00000
      530.774      0.00000
      531.563      0.00000
      532.352      0.00000
      533.140      0.00000
      533.929      0.00000
      534.718      0.00000
      535.506      0.00000
      536.295      0.00000
      537.084      0.00000
      537.872      0.00000
      538.661      0.00000
      539.450      0.00000
      540.239      0.00000
      541.027      0.00000
      541.816      0.00000
      542.605      0.00000
      543.393      0.00000
      544.182      0.00000
      544.971      0.00000
      545.760      0.00000
      546.548      0.00000
      547.337      0.00000
      548.126      0.00000
      548.914      0.00000
      549.703      0.00000
      550.492      0.00000
      551.281      0.00000
      552.069      0.00000
      552.858      0.00000
      553.647      0.00000
      554.435      0.00000
      555.224      0.00000
      556.013      0.00000
      556.802      0.00000
      557.590      0.00000
      558.379      0.00000
      559.168      0.00000
      559.956      0.00000
      560.745      0.00000
      561.534      0.00000
      562.323      0.00000
      563.111      0.00000
      563.900      0.00000
      564.689      0.00000
      565.477      0.00000
      566.266      0.00000
      567.055      0.00000
      567.844      0.00000
      568.632      0.00000
      569.421      0.00000
      570.210      0.00000
      570.998      0.00000
      571.787      0.00000
      572.576      0.00000
      573.365      0.00000
      574.153      0.00000
      574.942      0.00000
      575.731      0.00000
      576.519      0.00000
      577.308      0.00000
      578.097      0.00000
      578.885      0.00000
      579.674      0.00000
      580.463      0.00000
      581.252      0.00000
      582.040      0.00000
      582.829      0.00000
      583.618      0.00000
      584.406      0.00000
      585.195      0.00000
      585.984      0.00000
      586.773      0.00000
      587.561      0.00000
      588.350      0.00000
      589.139      0.00000
      589.927      0.00000
      590.716      0.00000
      591.505      0.00000
      592.294      0.00000
      593.082      0.00000
      593.871      0.00000
      594.660      0.00000
      595.448      0.00000
      596.237      0.00000
      597.026      0.00000
      597.815      0.00000
      598.603      0.00000
      599.392      0.00000
      600.181      0.00000
      600.969      0.00000
      601.758      0.00000
      602.547      0.00000
      603.336      0.00000
      604.124      0.00000
      604.913      0.00000
      605.702      0.00000
      606.490      0.00000
      607.279      0.00000
      608.068      0.00000
      608.857      0.00000
      609.645      0.00000
      610.434      0.00000
      611.223      0.00000
      612.011      0.00000
      612.800      0.00000
      613.589      0.00000
      614.378      0.00000
      615.166      0.00000
      615.955      0.00000
      616.744      0.00000
      617.532      0.00000
      618.321      0.00000
      619.110      0.00000
      619.899      0.00000
      620.687      0.00000
      621.476      0.00000
      622.265      0.00000
      623.053      0.00000
      623.842      0.00000
      624.631      0.00000
      625.419      0.00000
      626.208      0.00000
      626.997      0.00000
      627.786      0.00000
      628.574      0.00000
      629.363      0.00000
      630.152      0.00000
      630.940      0.00000
      631.729      0.00000
      632.518      0.00000
      633.307      0.00000
      634.095      0.00000
      634.884      0.00000
      635.673      0.00000
      636.461      0.00000
      637.250      0.00000
      638.039      0.00000
      638.828      0.00000
      639.616      0.00000
      640.405      0.00000
      641.194      0.00000
      641.982      0.00000
      642.771      0.00000
      643.560      0.00000
      644.349      0.00000
      645.137      0.00000
      645.926      0.00000
      646.715      0.00000
      647.503      0.00000
      648.292      0.00000
      649.081      0.00000
      649.870      0.00000
      650.658      0.00000
      651.447      0.00000
      652.236      0.00000
      653.024      0.00000
      653.813      0.00000
      654.602      0.00000
      655.391      0.00000
      656.179      0.00000
      656.968      0.00000
      657.757      0.00000
      658.545      0.00000
      659.334      0.00000
      660.123      0.00000
      660.911      0.00000
      661.700      0.00000
      662.489      0.00000
      663.278      0.00000
      664.066      0.00000
      664.855      0.00000
      665.644      0.00000
      666.432      0.00000
      667.221      0.00000
      668.010      0.00000
      668.799      0.00000
      669.587      0.00000
      670.376      0.00000
      671.165      0.00000
      671.953      0.00000
      672.742      0.00000
      673.531      0.00000
      674.320      0.00000
      675.108      0.00000
      675.897      0.00000
      676.686      0.00000
      677.474      0.00000
      678.263      0.00000
      679.052      0.00000
      679.841      0.00000
      680.629      0.00000
      681.418      0.00000
      682.207      0.00000
      682.995      0.00000
      683.784      0.00000
      684.573      0.00000
      685.362      0.00000
      686.150      0.00000
      686.939      0.00000
      687.728      0.00000
      688.516      0.00000
      689.305      0.00000
      690.094      0.00000
      690.883      0.00000
      691.671      0.00000
      692.460      0.00000
      693.249      0.00000
      694.037      0.00000
      694.826      0.00000
      695.615      0.00000
      696.404      0.00000
      697.192      0.00000
      697.981      0.00000
      698.770      0.00000
      699.558      0.00000
      700.347      0.00000
      701.136      0.00000
      701.924      0.00000
      702.713      0.00000
      703.502      0.00000
      704.291      0.00000
      705.079      0.00000
      705.868      0.00000
      706.657      0.00000
      707.445      0.00000
      708.234      0.00000
      709.023      0.00000
      709.812      0.00000
      710.600      0.00000
      711.389      0.00000
      712.178      0.00000
      712.966      0.00000
      713.755      0.00000
      714.544      0.00000
      715.333      0.00000
      716.121      0.00000
      716.910      0.00000
      717.699      0.00000
      718.487      0.00000
      719.276      0.00000
      720.065      0.00000
      720.854      0.00000
      721.642      0.00000
      722.431      0.00000
      723.220      0.00000
      724.008      0.00000
      724.797      0.00000
      725.586      0.00000
      726.375      0.00000
      727.163      0.00000
      727.952      0.00000
      728.741      0.00000
      729.529      0.00000
      730.318      0.00000
      731.107      0.00000
      731.896      0.00000
      732.684      0.00000
      733.473      0.00000
      734.262      0.00000
      735.050      0.00000
      735.839      0.00000
      736.628      0.00000
      737.417      0.00000
      738.205      0.00000
      738.994      0.00000
      739.783      0.00000
      740.571      0.00000
      741.360      0.00000
      742.149      0.00000
      742.938      0.00000
      743.726      0.00000
      744.515      0.00000
      745.304      0.00000
      746.092      0.00000
      746.881      0.00000
      747.670      0.00000
      748.458      0.00000
      749.247      0.00000
      750.036      0.00000
      750.825      0.00000
      751.613      0.00000
      752.402      0.00000
      753.191      0.00000
      753.979      0.00000
      754.768      0.00000
      755.557      0.00000
      756.346      0.00000
      757.134      0.00000
      757.923      0.00000
      758.712      0.00000
      759.500      0.00000
      760.289      0.00000
      761.078      0.00000
      761.867      0.00000
      762.655      0.00000
      763.444      0.00000
      764.233      0.00000
      765.021      0.00000
      765.810      0.00000
      766.599      0.00000
      767.388      0.00000
      768.176      0.00000
      768.965      0.00000
      769.754      0.00000
      770.542      0.00000
      771.331      0.00000
      772.120      0.00000
      772.909      0.00000
      773.697      0.00000
      774.486      0.00000
      775.275      0.00000
      776.063      0.00000
      776.852      0.00000
      777.641      0.00000
      778.430      0.00000
      779.218      0.00000
      780.007      0.00000
      780.796      0.00000
      781.584      0.00000
      782.373      0.00000
      783.162      0.00000
      783.951      0.00000
      784.739      0.00000
      785.528      0.00000
      786.317      0.00000
      787.105      0.00000
      787.894      0.00000
      788.683      0.00000
      789.471      0.00000
      790.260      0.00000
      791.049      0.00000
      791.838      0.00000
      792.626      0.00000
      793.415      0.00000
      794.204      0.00000
      794.992      0.00000
      795.781      0.00000
      796.570      0.00000
      797.359      0.00000
      798.147      0.00000
      798.936      0.00000
      799.725      0.00000
      800.513      0.00000
      801.302      0.00000
      802.091      0.00000
      802.880      0.00000
      803.668      0.00000
      804.457      0.00000
      805.246      0.00000
      806.034      0.00000
      806.823      0.00000
      807.612      0.00000
      808.401      0.00000
      809.189      0.00000
      809.978      0.00000
      810.767      0.00000
      811.555      0.00000
      812.344      0.00000
      813.133      0.00000
      813.922      0.00000
      814.710      0.00000
      815.499      0.00000
      816.288      0.00000
      817.076      0.00000
      817.865      0.00000
      818.654      0.00000
      819.443      0.00000
      820.231      0.00000
      821.020      0.00000
      821.809      0.00000
      822.597      0.00000
      823.386      0.00000
      824.175      0.00000
      824.964      0.00000
      825.752      0.00000
      826.541      0.00000
      827.330      0.00000
      828.118      0.00000
      828.907      0.00000
      829.696      0.00000
      830.484      0.00000
      831.273      0.00000
      832.062      0.00000
      832.851      0.00000
      833.639      0.00000
      834.428      0.00000
      835.217      0.00000
      836.005      0.00000
      836.794      0.00000
      837.583      0.00000
      838.372      0.00000
      839.160      0.00000
      839.949      0.00000
      840.738      0.00000
      841.526      0.00000
      842.315      0.00000
      843.104      0.00000
      843.893      0.00000
      844.681      0.00000
      845.470      0.00000
      846.259      0.00000
      847.047      0.00000
      847.836      0.00000
      848.625      0.00000
      849.414      0.00000
      850.202      0.00000
      850.991      0.00000
      851.780      0.00000
      852.568      0.00000
      853.357      0.00000
      854.146      0.00000
      854.935      0.00000
      855.723      0.00000
      856.512      0.00000
      857.301      0.00000
      858.089      0.00000
      858.878      0.00000
      859.667      0.00000
      860.456      0.00000
      861.244      0.00000
      862.033      0.00000
      862.822      0.00000
      863.610      0.00000
      864.399      0.00000
      865.188      0.00000
      865.977      0.00000
      866.765      0.00000
      867.554      0.00000
      868.343      0.00000
      869.131      0.00000
      869.920      0.00000
      870.709      0.00000
      871.497      0.00000
      872.286      0.00000
      873.075      0.00000
      873.864      0.00000
      874.652      0.00000
      875.441      0.00000
      876.230      0.00000
      877.018      0.00000
      877.807      0.00000
      878.596      0.00000
      879.385      0.00000
      880.173      0.00000
      880.962      0.00000
      881.751      0.00000
      882.539      0.00000
      883.328      0.00000
      884.117      0.00000
      884.906      0.00000
      885.694      0.00000
      886.483      0.00000
      887.272      0.00000
      888.060      0.00000
      888.849      0.00000
      889.638      0.00000
      890.427      0.00000
      891.215      0.00000
      892.004      0.00000
      892.793      0.00000
      893.581      0.00000
      894.370      0.00000
      895.159      0.00000
      895.948      0.00000
      896.736      0.00000
      897.525      0.00000
      898.314      0.00000
      899.102      0.00000
      899.891      0.00000
      900.680      0.00000
      901.469      0.00000
      902.257      0.00000
      903.046      0.00000
      903.835      0.00000
      904.623      0.00000
      905.412      0.00000
      906.201      0.00000
      906.989      0.00000
      907.778      0.00000
      908.567      0.00000
      909.356      0.00000
      910.144      0.00000
      910.933      0.00000
      911.722      0.00000
      912.510      0.00000
      913.299      0.00000
      914.088      0.00000
      914.877      0.00000
      915.665      0.00000
      916.454      0.00000
      917.243      0.00000
      918.031      0.00000
      918.820      0.00000
      919.609      0.00000
      920.398      0.00000
      921.186      0.00000
      921.975      0.00000
      922.764      0.00000
      923.552      0.00000
      924.341      0.00000
      925.130      0.00000
      925.919      0.00000
      926.707      0.00000
      927.496      0.00000
      928.285      0.00000
      929.073      0.00000
      929.862      0.00000
      930.651      0.00000
      931.440      0.00000
      932.228      0.00000
      933.017      0.00000
      933.806      0.00000
      934.594      0.00000
      935.383      0.00000
      936.172      0.00000
      936.961      0.00000
      937.749      0.00000
      938.538      0.00000
      939.327      0.00000
      940.115      0.00000
      940.904      0.00000
      941.693      0.00000
      942.482      0.00000
      943.270      0.00000
      944.059      0.00000
      944.848      0.00000
      945.636      0.00000
      946.425      0.00000
      947.214      0.00000
      948.003      0.00000
      948.791      0.00000
      949.580      0.00000
      950.369      0.00000
      951.157      0.00000
      951.946      0.00000
      952.735      0.00000
      953.523      0.00000
      954.312      0.00000
      955.101      0.00000
      955.890      0.00000
      956.678      0.00000
      957.467      0.00000
      958.256      0.00000
      959.044      0.00000
      959.833      0.00000
      960.622      0.00000
      961.411      0.00000
      962.199      0.00000
      962.988      0.00000
      963.777      0.00000
      964.565      0.00000
      965.354      0.00000
      966.143      0.00000
      966.932      0.00000
      967.720      0.00000
      968.509      0.00000
      969.298      0.00000
      970.086      0.00000
      970.875      0.00000
      971.664      0.00000
      972.453      0.00000
      973.241      0.00000
      974.030      0.00000
      974.819      0.00000
      975.607      0.00000
      976.396      0.00000
      977.185      0.00000
      977.974      0.00000
      978.762      0.00000
      979.551      0.00000
      980.340      0.00000
      981.128      0.00000
      981.917      0.00000
      982.706      0.00000
      983.495      0.00000
      984.283      0.00000
      985.072      0.00000
      985.861      0.00000
      986.649      0.00000
      987.438      0.00000
      988.227      0.00000
      989.016      0.00000
      989.804      0.00000
      990.593      0.00000
      991.382      0.00000
      992.170      0.00000
      992.959      0.00000
      993.748      0.00000
      994.536      0.00000
      995.325      0.00000
      996.114      0.00000
      996.903      0.00000
      997.691      0.00000
      998.480      0.00000
      999.269      0.00000
      1000.06      0.00000
      1000.85      0.00000
      1001.63      0.00000
      1002.42      0.00000
      1003.21      0.00000
      1004.00      0.00000
      1004.79      0.00000
      1005.58      0.00000
      1006.37      0.00000
      1007.16      0.00000
      1007.94      0.00000
      1008.73      0.00000
      1009.52      0.00000
      1010.31      0.00000
      1011.10      0.00000
      1011.89      0.00000
      1012.68      0.00000
      1013.47      0.00000
      1014.25      0.00000
      1015.04      0.00000
      1015.83      0.00000
      1016.62      0.00000
      1017.41      0.00000
      1018.20      0.00000
      1018.99      0.00000
      1019.78      0.00000
      1020.56      0.00000
      1021.35      0.00000
      1022.14      0.00000
      1022.93      0.00000
      1023.72      0.00000
      1024.51      0.00000
      1025.30      0.00000
      1026.08      0.00000
      1026.87      0.00000
      1027.66      0.00000
      1028.45      0.00000
      1029.24      0.00000
      1030.03      0.00000
      1030.82      0.00000
      1031.61      0.00000
      1032.39      0.00000
      1033.18      0.00000
      1033.97      0.00000
      1034.76      0.00000
      1035.55      0.00000
      1036.34      0.00000
      1037.13      0.00000
      1037.92      0.00000
      1038.70      0.00000
      1039.49      0.00000
      1040.28      0.00000
      1041.07      0.00000
      1041.86      0.00000
      1042.65      0.00000
      1043.44      0.00000
      1044.23      0.00000
      1045.01      0.00000
      1045.80      0.00000
      1046.59      0.00000
      1047.38      0.00000
      1048.17      0.00000
      1048.96      0.00000
      1049.75      0.00000
      1050.54      0.00000
      1051.32      0.00000
      1052.11      0.00000
      1052.90      0.00000
      1053.69      0.00000
      1054.48      0.00000
      1055.27      0.00000
      1056.06      0.00000
      1056.84      0.00000
      1057.63      0.00000
      1058.42      0.00000
      1059.21      0.00000
      1060.00      0.00000
      1060.79      0.00000
      1061.58      0.00000
      1062.37      0.00000
      1063.15      0.00000
      1063.94      0.00000
      1064.73      0.00000
      1065.52      0.00000
      1066.31      0.00000
      1067.10      0.00000
      1067.89      0.00000
      1068.68      0.00000
      1069.46      0.00000
      1070.25      0.00000
      1071.04      0.00000
      1071.83      0.00000
      1072.62      0.00000
      1073.41      0.00000
      1074.20      0.00000
      1074.99      0.00000
      1075.77      0.00000
      1076.56      0.00000
      1077.35      0.00000
      1078.14      0.00000
      1078.93      0.00000
      1079.72      0.00000
      1080.51      0.00000
      1081.29      0.00000
      1082.08      0.00000
      1082.87      0.00000
      1083.66      0.00000
      1084.45      0.00000
      1085.24      0.00000
      1086.03      0.00000
      1086.82      0.00000
      1087.60      0.00000
      1088.39      0.00000
      1089.18      0.00000
      1089.97      0.00000
      1090.76      0.00000
      1091.55      0.00000
      1092.34      0.00000
      1093.13      0.00000
      1093.91      0.00000
      1094.70      0.00000
      1095.49      0.00000
      1096.28      0.00000
      1097.07      0.00000
      1097.86      0.00000
      1098.65      0.00000
      1099.44      0.00000
      1100.22      0.00000
      1101.01      0.00000
      1101.80      0.00000
      1102.59      0.00000
      1103.38      0.00000
      1104.17      0.00000
      1104.96      0.00000
      1105.74      0.00000
      1106.53      0.00000
      1107.32      0.00000
      1108.11      0.00000
      1108.90      0.00000
      1109.69      0.00000
      1110.48      0.00000
      1111.27      0.00000
      1112.05      0.00000
      1112.84      0.00000
      1113.63      0.00000
      1114.42      0.00000
      1115.21      0.00000
      1116.00      0.00000
      1116.79      0.00000
      1117.58      0.00000
      1118.36      0.00000
      1119.15      0.00000
      1119.94      0.00000
      1120.73      0.00000
      1121.52      0.00000
      1122.31      0.00000
      1123.10      0.00000
      1123.89      0.00000
      1124.67      0.00000
      1125.46      0.00000
      1126.25      0.00000
      1127.04      0.00000
      1127.83      0.00000
      1128.62      0.00000
      1129.41      0.00000
      1130.19      0.00000
      1130.98      0.00000
      1131.77      0.00000
      1132.56      0.00000
      1133.35      0.00000
      1134.14      0.00000
      1134.93      0.00000
      1135.72      0.00000
      1136.50      0.00000
      1137.29      0.00000
      1138.08      0.00000
      1138.87      0.00000
      1139.66      0.00000
      1140.45      0.00000
      1141.24      0.00000
      1142.03      0.00000
      1142.81      0.00000
      1143.60      0.00000
      1144.39      0.00000
      1145.18      0.00000
      1145.97      0.00000
      1146.76      0.00000
      1147.55      0.00000
      1148.34      0.00000
      1149.12      0.00000
      1149.91      0.00000
      1150.70      0.00000
      1151.49      0.00000
      1152.28      0.00000
      1153.07      0.00000
      1153.86      0.00000
      1154.64      0.00000
      1155.43      0.00000
      1156.22      0.00000
      1157.01      0.00000
      1157.80      0.00000
      1158.59      0.00000
      1159.38      0.00000
      1160.17      0.00000
      1160.95      0.00000
      1161.74      0.00000
      1162.53      0.00000
      1163.32      0.00000
      1164.11      0.00000
      1164.90      0.00000
      1165.69      0.00000
      1166.48      0.00000
      1167.26      0.00000
      1168.05      0.00000
      1168.84      0.00000
      1169.63      0.00000
      1170.42      0.00000
      1171.21      0.00000
      1172.00      0.00000
      1172.79      0.00000
      1173.57      0.00000
      1174.36      0.00000
      1175.15      0.00000
      1175.94      0.00000
      1176.73      0.00000
      1177.52      0.00000
      1178.31      0.00000
      1179.09      0.00000
      1179.88      0.00000
      1180.67      0.00000
      1181.46      0.00000
      1182.25      0.00000
      1183.04      0.00000
      1183.83      0.00000
      1184.62      0.00000
      1185.40      0.00000
      1186.19      0.00000
      1186.98      0.00000
      1187.77      0.00000
      1188.56      0.00000
      1189.35      0.00000
      1190.14      0.00000
      1190.93      0.00000
      1191.71      0.00000
      1192.50      0.00000
      1193.29      0.00000
      1194.08      0.00000
      1194.87      0.00000
      1195.66      0.00000
      1196.45      0.00000
      1197.24      0.00000
      1198.02      0.00000
      1198.81      0.00000
      1199.60      0.00000
      1200.39      0.00000
      1201.18      0.00000
      1201.97      0.00000
      1202.76      0.00000
      1203.54      0.00000
      1204.33      0.00000
      1205.12      0.00000
      1205.91      0.00000
      1206.70      0.00000
      1207.49      0.00000
      1208.28      0.00000
      1209.07      0.00000
      1209.85      0.00000
      1210.64      0.00000
      1211.43      0.00000
      1212.22      0.00000
      1213.01      0.00000
      1213.80      0.00000
      1214.59      0.00000
      1215.38      0.00000
      1216.16      0.00000
      1216.95      0.00000
      1217.74      0.00000
      1218.53      0.00000
      1219.32      0.00000
      1220.11      0.00000
      1220.90      0.00000
      1221.69      0.00000
      1222.47      0.00000
      1223.26      0.00000
      1224.05      0.00000
      1224.84      0.00000
      1225.63      0.00000
      1226.42      0.00000
      1227.21      0.00000
      1227.99      0.00000
      1228.78      0.00000
      1229.57      0.00000
      1230.36      0.00000
      1231.15      0.00000
      1231.94      0.00000
      1232.73      0.00000
      1233.52      0.00000
      1234.30      0.00000
      1235.09      0.00000
      1235.88      0.00000
      1236.67      0.00000
      1237.46      0.00000
      1238.25      0.00000
      1239.04      0.00000
      1239.83      0.00000
      1240.61      0.00000
      1241.40      0.00000
      1242.19      0.00000
      1242.98      0.00000
      1243.77      0.00000
      1244.56      0.00000
      1245.35      0.00000
      1246.14      0.00000
      1246.92      0.00000
      1247.71      0.00000
      1248.50      0.00000
      1249.29      0.00000
      1250.08      0.00000
      1250.87      0.00000
      1251.66      0.00000
      1252.45      0.00000
      1253.23      0.00000
      1254.02      0.00000
      1254.81      0.00000
      1255.60      0.00000
      1256.39      0.00000
      1257.18      0.00000
      1257.97      0.00000
      1258.75      0.00000
      1259.54      0.00000
      1260.33      0.00000
      1261.12      0.00000
      1181.90      0.00000
      1182.70      0.00000
      1183.50      0.00000
      1184.30      0.00000
      1185.10      0.00000
      1185.90      0.00000
      1186.70      0.00000
      1187.50      0.00000
      1188.30      0.00000
      1189.10      0.00000
      1189.90      0.00000
      1190.70      0.00000
      1191.50      0.00000
      1192.30      0.00000
      1193.10      0.00000
      1193.90      0.00000
      1194.70      0.00000
      1195.50      0.00000
      1196.30      0.00000
      1197.09      0.00000
      1197.89      0.00000
      1198.69      0.00000
      1199.49      0.00000
      1200.29      0.00000
      1201.09      0.00000
      1201.89      0.00000
      1202.69      0.00000
      1203.49      0.00000
      1204.29      0.00000
      1205.09      0.00000
      1205.89      0.00000
      1206.69      0.00000
      1207.49      0.00000
      1208.29      0.00000
      1209.09      0.00000
      1209.89      0.00000
      1210.69      0.00000
      1211.49      0.00000
      1212.29      0.00000
      1213.09      0.00000
      1213.89      0.00000
      1214.69      0.00000
      1215.49      0.00000
      1216.29      0.00000
      1217.09      0.00000
      1217.89      0.00000
      1218.69      0.00000
      1219.49      0.00000
      1220.29      0.00000
      1221.08      0.00000
      1221.88      0.00000
      1222.68      0.00000
      1223.48      0.00000
      1224.28      0.00000
      1225.08      0.00000
      1225.88      0.00000
      1226.68      0.00000
      1227.48      0.00000
      1228.28      0.00000
      1229.08      0.00000
      1229.88      0.00000
      1230.68      0.00000
      1231.48      0.00000
      1232.28      0.00000
      1233.08      0.00000
      1233.88      0.00000
      1234.68      0.00000
      1235.48      0.00000
      1236.28      0.00000
      1237.08      0.00000
      1237.88      0.00000
      1238.68      0.00000
      1239.48      0.00000
      1240.28      0.00000
      1241.08      0.00000
      1241.88      0.00000
      1242.68      0.00000
      1243.48      0.00000
      1244.28      0.00000
      1245.07      0.00000
      1245.87      0.00000
      1246.67      0.00000
      1247.47      0.00000
      1248.27      0.00000
      1249.07      0.00000
      1249.87      0.00000
      1250.67      0.00000
      1251.47      0.00000
      1252.27      0.00000
      1253.07      0.00000
      1253.87      0.00000
      1254.67      0.00000
      1255.47      0.00000
      1256.27      0.00000
      1257.07      0.00000
      1257.87      0.00000
      1258.67      0.00000
      1259.47      0.00000
      1260.27      0.00000
      1261.07      0.00000
      1261.87      0.00000
      1262.67      0.00000
      1263.47      0.00000
      1264.27      0.00000
      1265.07      0.00000
      1265.87      0.00000
      1266.67      0.00000
      1267.47      0.00000
      1268.26      0.00000
      1269.06      0.00000
      1269.86      0.00000
      1270.66      0.00000
      1271.46      0.00000
      1272.26      0.00000
      1273.06      0.00000
      1273.86      0.00000
      1274.66      0.00000
      1275.46      0.00000
      1276.26      0.00000
      1277.06      0.00000
      1277.86      0.00000
      1278.66      0.00000
      1279.46      0.00000
      1280.26      0.00000
      1281.06      0.00000
      1281.86      0.00000
      1282.66      0.00000
      1283.46      0.00000
      1284.26      0.00000
      1285.06      0.00000
      1285.86      0.00000
      1286.66      0.00000
      1287.46      0.00000
      1288.26      0.00000
      1289.06      0.00000
      1289.86      0.00000
      1290.66      0.00000
      1291.46      0.00000
      1292.25      0.00000
      1293.05      0.00000
      1293.85      0.00000
      1294.65      0.00000
      1295.45      0.00000
      1296.25      0.00000
      1297.05      0.00000
      1297.85      0.00000
      1298.65      0.00000
      1299.45      0.00000
      1300.25      0.00000
      1301.05      0.00000
      1301.85      0.00000
      1302.65      0.00000
      1303.45      0.00000
      1304.25      0.00000
      1305.05      0.00000
      1305.85      0.00000
      1306.65      0.00000
      1307.45      1.00000
      1308.25      1.00000
      1309.05      1.00000
      1309.85      1.00000
      1310.65      1.00000
      1311.45      1.00000
      1312.25      1.00000
      1313.05      1.00000
      1313.85      1.00000
      1314.65      0.00000
      1315.45      0.00000
      1316.24      0.00000
      1317.04      0.00000
      1317.84      0.00000
      1318.64      0.00000
      1319.44      0.00000
      1320.24      0.00000
      1321.04      1.00000
      1321.84      1.00000
      1322.64      1.00000
      1323.44      1.00000
      1324.24      1.00000
      1325.04      1.00000
      1325.84      1.00000
      1326.64      1.00000
      1327.44      1.00000
      1328.24      1.00000
      1329.04      1.00000
      1329.84      1.00000
      1330.64      1.00000
      1331.44      0.00000
      1332.24      0.00000
      1333.04      0.00000
      1333.84      0.00000
      1334.64      0.00000
      1335.44      0.00000
      1336.24      0.00000
      1337.04      0.00000
      1337.84      0.00000
      1338.64      0.00000
      1339.44      1.00000
      1340.23      1.00000
      1341.03      1.00000
      1341.83      1.00000
      1342.63      1.00000
      1343.43      1.00000
      1344.23      1.00000
      1345.03      1.00000
      1345.83      1.00000
      1346.63      1.00000
      1347.43      1.00000
      1348.23      1.00000
      1349.03      1.00000
      1349.83      1.00000
      1350.63      1.00000
      1351.43      1.00000
      1352.23      1.00000
      1353.03      1.00000
      1353.83      1.00000
      1354.63      1.00000
      1355.43      1.00000
      1356.23      1.00000
      1357.03      1.00000
      1357.83      1.00000
      1358.63      1.00000
      1359.43      1.00000
      1360.23      1.00000
      1361.03      1.00000
      1361.83      1.00000
      1362.63      1.00000
      1363.43      1.00000
      1364.22      1.00000
      1365.02      1.00000
      1365.82      1.00000
      1366.62      1.00000
      1367.42      1.00000
      1368.22      1.00000
      1369.02      1.00000
      1369.82      1.00000
      1370.62      1.00000
      1371.42      1.00000
      1372.22      1.00000
      1373.02      1.00000
      1373.82      1.00000
      1374.62      1.00000
      1375.42      1.00000
      1376.22      1.00000
      1377.02      1.00000
      1377.82      1.00000
      1378.62      1.00000
      1379.42      1.00000
      1380.22      1.00000
      1381.02      1.00000
      1381.82      1.00000
      1382.62      1.00000
      1383.42      1.00000
      1384.22      1.00000
      1385.02      1.00000
      1385.82      1.00000
      1386.62      1.00000
      1387.42      1.00000
      1388.21      1.00000
      1389.01      1.00000
      1389.81      1.00000
      1390.61      0.00000
      1391.41      0.00000
      1392.21      0.00000
      1393.01      0.00000
      1393.81      0.00000
      1394.61      0.00000
      1395.41      0.00000
      1396.21      0.00000
      1397.01      1.00000
      1397.81      1.00000
      1398.61      1.00000
      1399.41      1.00000
      1400.21      0.00000
      1401.01      0.00000
      1401.81      0.00000
      1402.61      0.00000
      1403.41      0.00000
      1404.21      0.00000
      1405.01      0.00000
      1405.81      0.00000
      1406.61      1.00000
      1407.41      1.00000
      1408.21      1.00000
      1409.01      1.00000
      1409.81      1.00000
      1410.61      1.00000
      1411.40      1.00000
      1412.20      1.00000
      1413.00      1.00000
      1413.80      1.00000
      1414.60      1.00000
      1415.40      1.00000
      1416.20      1.00000
      1417.00      1.00000
      1417.80      1.00000
      1418.60      1.00000
      1419.40      1.00000
      1420.20      1.00000
      1421.00      1.00000
      1421.80      1.00000
      1422.60      1.00000
      1423.40      1.00000
      1424.20      1.00000
      1425.00      1.00000
      1425.80      1.00000
      1426.60      1.00000
      1427.40      1.00000
      1428.20      1.00000
      1429.00      1.00000
      1429.80      1.00000
      1430.60      1.00000
      1431.40      1.00000
      1432.20      1.00000
      1433.00      1.00000
      1433.80      1.00000
      1434.60      1.00000
      1435.39      1.00000
      1436.19      1.00000
      1436.99      1.00000
      1437.79      1.00000
      1438.59      1.00000
      1439.39      1.00000
      1440.19      1.00000
      1440.99      1.00000
      1441.79      1.00000
      1442.59      1.00000
      1443.39      1.00000
      1444.19      1.00000
      1444.99      1.00000
      1445.79      1.00000
      1446.59      1.00000
      1447.39      1.00000
      1448.19      1.00000
      1448.99      1.00000
      1449.79      1.00000
      1450.59      1.00000
      1451.39      1.00000
      1452.19      0.00000
      1452.99      0.00000
      1453.79      0.00000
      1454.59      0.00000
      1455.39      0.00000
      1456.19      0.00000
      1456.99      0.00000
      1457.79      0.00000
      1458.59      1.00000
      1459.38      1.00000
      1460.18      1.00000
      1460.98      1.00000
      1461.78      1.00000
      1462.58      1.00000
      1463.38      1.00000
      1464.18      1.00000
      1464.98      1.00000
      1465.78      1.00000
      1466.58      1.00000
      1467.38      1.00000
      1468.18      1.00000
      1468.98      1.00000
      1469.78      1.00000
      1470.58      1.00000
      1471.38      1.00000
      1472.18      1.00000
      1472.98      1.00000
      1473.78      1.00000
      1474.58      1.00000
      1475.38      1.00000
      1476.18      1.00000
      1476.98      1.00000
      1477.78      1.00000
      1478.58      1.00000
      1479.38      1.00000
      1480.18      1.00000
      1480.98      1.00000
      1481.78      1.00000
      1482.58      1.00000
      1483.37      0.00000
      1484.17      0.00000
      1484.97      0.00000
      1485.77      0.00000
      1486.57      0.00000
      1487.37      0.00000
      1488.17      0.00000
      1488.97      0.00000
      1489.77      0.00000
      1490.57      1.00000
      1491.37      1.00000
      1492.17      1.00000
      1492.97      1.00000
      1493.77      1.00000
      1494.57      1.00000
      1495.37      1.00000
      1496.17      1.00000
      1496.97      1.00000
      1497.77      1.00000
      1498.57      1.00000
      1499.37      1.00000
      1500.17      1.00000
      1500.97      1.00000
      1501.77      1.00000
      1502.57      1.00000
      1503.37      1.00000
      1504.17      1.00000
      1504.97      1.00000
      1505.77      1.00000
      1506.56      1.00000
      1507.36      1.00000
      1508.16      1.00000
      1508.96      1.00000
      1509.76      1.00000
      1510.56      1.00000
      1511.36      1.00000
      1512.16      1.00000
      1512.96      1.00000
      1513.76      1.00000
      1514.56      1.00000
      1515.36      1.00000
      1516.16      1.00000
      1516.96      1.00000
      1517.76      1.00000
      1518.56      1.00000
      1519.36      1.00000
      1520.16      1.00000
      1520.96      1.00000
      1521.76      1.00000
      1522.56      1.00000
      1523.36      0.00000
      1524.16      0.00000
      1524.96      0.00000
      1525.76      0.00000
      1526.56      0.00000
      1527.36      0.00000
      1528.16      0.00000
      1528.96      0.00000
      1529.76      0.00000
      1530.55      1.00000
      1531.35      1.00000
      1532.15      1.00000
      1532.95      1.00000
      1533.75      1.00000
      1534.55      1.00000
      1535.35      1.00000
      1536.15      1.00000
      1536.95      1.00000
      1537.75      1.00000
      1538.55      1.00000
      1539.35      1.00000
      1540.15      1.00000
      1540.95      1.00000
      1541.75      1.00000
      1542.55      1.00000
      1543.35      1.00000
      1544.15      1.00000
      1544.95      0.00000
      1545.75      0.00000
      1546.55      0.00000
      1547.35      0.00000
      1548.15      0.00000
      1548.95      0.00000
      1549.75      0.00000
      1550.55      0.00000
      1551.35      0.00000
      1552.15      1.00000
      1552.95      1.00000
      1553.75      1.00000
      1554.54      1.00000
      1555.34      1.00000
      1556.14      1.00000
      1556.94      0.00000
      1557.74      0.00000
      1558.54      0.00000
      1559.34      0.00000
      1560.14      0.00000
      1560.94      0.00000
      1561.74      0.00000
      1562.54      0.00000
      1563.34      0.00000
      1564.14      1.00000
      1564.94      1.00000
      1565.74      1.00000
      1566.54      1.00000
      1567.34      1.00000
      1568.14      1.00000
      1568.94      1.00000
      1569.74      1.00000
      1570.54      1.00000
      1571.34      1.00000
      1572.14      1.00000
      1572.94      1.00000
      1573.74      1.00000
      1574.54      1.00000
      1575.34      1.00000
      1576.14      1.00000
      1576.94      1.00000
      1577.74      1.00000
      1578.53      1.00000
      1579.33      1.00000
      1580.13      1.00000
      1580.93      1.00000
      1581.73      1.00000
      1582.53      1.00000
      1583.33      1.00000
      1584.13      1.00000
      1584.93      1.00000
      1585.73      1.00000
      1586.53      1.00000
      1587.33      1.00000
      1588.13      1.00000
      1588.93      1.00000
      1589.73      1.00000
      1590.53      1.00000
      1591.33      1.00000
      1592.13      1.00000
      1592.93      1.00000
      1593.73      1.00000
      1594.53      1.00000
      1595.33      1.00000
      1596.13      1.00000
      1596.93      1.00000
      1597.73      1.00000
      1598.53      1.00000
      1599.33      1.00000
      1600.13      1.00000
      1600.93      1.00000
      1601.73      1.00000
      1602.52      1.00000
      1603.32      1.00000
      1604.12      1.00000
      1604.92      0.00000
      1605.72      0.00000
      1606.52      0.00000
      1607.32      0.00000
      1608.12      0.00000
      1608.92      0.00000
      1609.72      0.00000
      1610.52      0.00000
      1611.32      0.00000
      1612.12      0.00000
      1612.92      0.00000
      1613.72      0.00000
      1614.52      0.00000
      1615.32      1.00000
      1616.12      1.00000
      1616.92      1.00000
      1617.72      1.00000
      1618.52      1.00000
      1619.32      1.00000
      1620.12      1.00000
      1620.92      1.00000
      1621.72      1.00000
      1622.52      1.00000
      1623.32      1.00000
      1624.12      1.00000
      1624.92      1.00000
      1625.72      1.00000
      1626.51      1.00000
      1627.31      1.00000
      1628.11      1.00000
      1628.91      1.00000
      1629.71      1.00000
      1630.51      1.00000
      1631.31      0.00000
      1632.11      0.00000
      1632.91      0.00000
      1633.71      0.00000
      1634.51      0.00000
      1635.31      0.00000
      1636.11      0.00000
      1636.91      0.00000
      1637.71      0.00000
      1638.51      0.00000
      1639.31      0.00000
      1640.11      0.00000
      1640.91      0.00000
      1641.71      0.00000
      1642.51      0.00000
      1643.31      0.00000
      1644.11      0.00000
      1644.91      0.00000
      1645.71      0.00000
      1646.51      0.00000
      1647.31      0.00000
      1648.11      0.00000
      1648.91      0.00000
      1649.70      0.00000
      1650.50      1.00000
      1651.30      1.00000
      1652.10      1.00000
      1652.90      1.00000
      1653.70      0.00000
      1654.50      0.00000
      1655.30      0.00000
      1656.10      0.00000
      1656.90      0.00000
      1657.70      0.00000
      1658.50      0.00000
      1659.30      0.00000
      1660.10      0.00000
      1660.90      0.00000
      1661.70      0.00000
      1662.50      0.00000
      1663.30      0.00000
      1664.10      0.00000
      1664.90      0.00000
      1665.70      0.00000
      1666.50      0.00000
      1667.30      0.00000
      1668.10      0.00000
      1668.90      0.00000
      1669.70      0.00000
      1670.50      0.00000
      1671.30      0.00000
      1672.10      0.00000
      1672.90      0.00000
      1673.69      0.00000
      1674.49      0.00000
      1675.29      1.00000
      1676.09      1.00000
      1676.89      1.00000
      1677.69      1.00000
      1678.49      1.00000
      1679.29      1.00000
      1680.09      1.00000
      1680.89      1.00000
      1681.69      1.00000
      1682.49      1.00000
      1683.29      1.00000
      1684.09      1.00000
      1684.89      1.00000
      1685.69      1.00000
      1686.49      1.00000
      1687.29      1.00000
      1688.09      1.00000
      1688.89      1.00000
      1689.69      1.00000
      1690.49      1.00000
      1691.29      1.00000
      1692.09      1.00000
      1692.89      1.00000
      1693.69      1.00000
      1694.49      1.00000
      1695.29      1.00000
      1696.09      1.00000
      1696.89      1.00000
      1697.68      1.00000
      1698.48      1.00000
      1699.28      1.00000
      1700.08      1.00000
      1700.88      1.00000
      1701.68      1.00000
      1702.48      1.00000
      1703.28      1.00000
      1704.08      1.00000
      1704.88      1.00000
      1705.68      0.00000
      1706.48      0.00000
      1707.28      0.00000
      1708.08      0.00000
      1708.88      0.00000
      1709.68      0.00000
      1710.48      0.00000
      1711.28      0.00000
      1712.08      0.00000
      1712.88      0.00000
      1713.68      1.00000
      1714.48      1.00000
      1715.28      1.00000
      1716.08      1.00000
      1716.88      1.00000
      1717.68      1.00000
      1718.48      1.00000
      1719.28      1.00000
      1720.08      1.00000
      1720.88      1.00000
      1721.67      1.00000
      1722.47      1.00000
      1723.27      1.00000
      1724.07      1.00000
      1724.87      1.00000
      1725.67      1.00000
      1726.47      1.00000
      1727.27      1.00000
      1728.07      1.00000
      1728.87      1.00000
      1729.67      1.00000
      1730.47      1.00000
      1731.27      1.00000
      1732.07      1.00000
      1732.87      1.00000
      1733.67      1.00000
      1734.47      1.00000
      1735.27      1.00000
      1736.07      1.00000
      1736.87      1.00000
      1737.67      0.00000
      1738.47      0.00000
      1739.27      0.00000
      1740.07      0.00000
      1740.87      0.00000
      1741.67      0.00000
      1742.47      0.00000
      1743.27      0.00000
      1744.07      0.00000
      1744.86      0.00000
      1745.66      1.00000
      1746.46      1.00000
      1747.26      1.00000
      1748.06      0.00000
      1748.86      0.00000
      1749.66      0.00000
      1750.46      0.00000
      1751.26      0.00000
      1752.06      0.00000
      1752.86      0.00000
      1753.66      0.00000
      1754.46      0.00000
      1755.26      0.00000
      1756.06      1.00000
      1756.86      1.00000
      1757.66      1.00000
      1758.46      1.00000
      1759.26      1.00000
      1760.06      1.00000
      1760.86      1.00000
      1761.66      1.00000
      1762.46      1.00000
      1763.26      1.00000
      1764.06      1.00000
      1764.86      1.00000
      1765.66      1.00000
      1766.46      1.00000
      1767.26      1.00000
      1768.06      1.00000
      1768.85      1.00000
      1769.65      1.00000
      1770.45      1.00000
      1771.25      1.00000
      1772.05      1.00000
      1772.85      1.00000
      1773.65      1.00000
      1774.45      1.00000
      1775.25      1.00000
      1776.05      1.00000
      1776.85      1.00000
      1777.65      1.00000
      1778.45      1.00000
      1779.25      1.00000
      1780.05      1.00000
      1780.85      1.00000
      1781.65      1.00000
      1782.45      1.00000
      1783.25      1.00000
      1784.05      1.00000
      1784.85      1.00000
      1785.65      1.00000
      1786.45      1.00000
      1787.25      1.00000
      1788.05      1.00000
      1788.85      1.00000
      1789.65      1.00000
      1790.45      1.00000
      1791.25      1.00000
      1792.05      1.00000
      1792.84      1.00000
      1793.64      1.00000
      1794.44      1.00000
      1795.24      1.00000
      1796.04      1.00000
      1796.84      1.00000
      1797.64      1.00000
      1798.44      1.00000
      1799.24      1.00000
      1800.04      1.00000
      1800.84      1.00000
      1801.64      1.00000
      1802.44      1.00000
      1803.24      1.00000
      1804.04      0.00000
      1804.84      0.00000
      1805.64      0.00000
      1806.44      0.00000
      1807.24      0.00000
      1808.04      0.00000
      1808.84      0.00000
      1809.64      0.00000
      1810.44      0.00000
      1811.24      0.00000
      1812.04      0.00000
      1812.84      1.00000
      1813.64      1.00000
      1814.44      1.00000
      1815.24      1.00000
      1816.04      1.00000
      1816.83      1.00000
      1817.63      1.00000
      1818.43      1.00000
      1819.23      1.00000
      1820.03      1.00000
      1820.83      1.00000
      1821.63      1.00000
      1822.43      1.00000
      1823.23      1.00000
      1824.03      1.00000
      1824.83      1.00000
      1825.63      1.00000
      1826.43      1.00000
      1827.23      1.00000
      1828.03      1.00000
      1828.83      1.00000
      1829.63      1.00000
      1830.43      1.00000
      1831.23      1.00000
      1832.03      1.00000
      1832.83      1.00000
      1833.63      1.00000
      1834.43      1.00000
      1835.23      1.00000
      1836.03      1.00000
      1836.83      1.00000
      1837.63      1.00000
      1838.43      1.00000
      1839.23      1.00000
      1840.03      1.00000
      1840.82      1.00000
      1841.62      1.00000
      1842.42      1.00000
      1843.22      1.00000
      1844.02      1.00000
      1844.82      1.00000
      1845.62      1.00000
      1846.42      1.00000
      1847.22      1.00000
      1848.02      1.00000
      1848.82      1.00000
      1849.62      1.00000
      1850.42      0.00000
      1851.22      0.00000
      1852.02      0.00000
      1852.82      0.00000
      1853.62      0.00000
      1854.42      0.00000
      1855.22      0.00000
      1856.02      0.00000
      1856.82      0.00000
      1857.62      0.00000
      1858.42      0.00000
      1859.22      0.00000
      1860.02      0.00000
      1860.82      0.00000
      1861.62      0.00000
      1862.42      0.00000
      1863.22      0.00000
      1864.02      0.00000
      1864.81      0.00000
      1865.61      0.00000
      1866.41      0.00000
      1867.21      1.00000
      1868.01      1.00000
      1868.81      1.00000
      1869.61      1.00000
      1870.41      1.00000
      1871.21      1.00000
      1872.01      1.00000
      1872.81      1.00000
      1873.61      1.00000
      1874.41      1.00000
      1875.21      1.00000
      1876.01      1.00000
      1876.81      1.00000
      1877.61      1.00000
      1878.41      1.00000
      1879.21      0.00000
      1880.01      0.00000
      1880.81      0.00000
      1881.61      0.00000
      1882.41      0.00000
      1883.21      0.00000
      1884.01      0.00000
      1884.81      0.00000
      1885.61      0.00000
      1886.41      0.00000
      1887.21      0.00000
      1888.01      0.00000
      1888.80      0.00000
      1889.60      0.00000
      1890.40      0.00000
      1891.20      0.00000
      1892.00      0.00000
      1892.80      0.00000
      1893.60      0.00000
      1894.40      0.00000
      1895.20      0.00000
      1896.00      0.00000
      1896.80      1.00000
      1897.60      1.00000
      1898.40      1.00000
      1899.20      1.00000
      1900.00      1.00000
      1900.80      1.00000
      1901.60      1.00000
      1902.40      0.00000
      1903.20      0.00000
      1904.00      0.00000
      1904.80      0.00000
      1905.60      0.00000
      1906.40      0.00000
      1907.20      0.00000
      1908.00      0.00000
      1908.80      0.00000
      1909.60      0.00000
      1910.40      0.00000
      1911.20      0.00000
      1911.99      0.00000
      1912.79      0.00000
      1913.59      1.00000
      1914.39      1.00000
      1915.19      1.00000
      1915.99      1.00000
      1916.79      1.00000
      1917.59      1.00000
      1918.39      1.00000
      1919.19      1.00000
      1919.99      1.00000
      1920.79      1.00000
      1921.59      1.00000
      1922.39      1.00000
      1923.19      1.00000
      1923.99      1.00000
      1924.79      1.00000
      1925.59      1.00000
      1926.39      1.00000
      1927.19      1.00000
      1927.99      1.00000
      1928.79      1.00000
      1929.59      1.00000
      1930.39      0.00000
      1931.19      0.00000
      1931.99      0.00000
      1932.79      0.00000
      1933.59      0.00000
      1934.39      0.00000
      1935.19      0.00000
      1935.98      0.00000
      1936.78      0.00000
      1937.58      0.00000
      1938.38      0.00000
      1939.18      0.00000
      1939.98      0.00000
      1940.78      0.00000
      1941.58      0.00000
      1942.38      0.00000
      1943.18      0.00000
      1943.98      0.00000
      1944.78      0.00000
      1945.58      0.00000
      1946.38      0.00000
      1947.18      0.00000
      1947.98      0.00000
      1948.78      0.00000
      1949.58      0.00000
      1950.38      0.00000
      1951.18      0.00000
      1951.98      0.00000
      1952.78      0.00000
      1953.58      0.00000
      1954.38      0.00000
      1955.18      0.00000
      1955.98      0.00000
      1956.78      0.00000
      1957.58      0.00000
      1958.38      0.00000
      1959.18      0.00000
      1959.97      0.00000
      1960.77      0.00000
      1961.57      0.00000
      1962.37      0.00000
      1963.17      0.00000
      1963.97      0.00000
      1964.77      0.00000
      1965.57      0.00000
      1966.37      0.00000
      1967.17      0.00000
      1967.97      0.00000
      1968.77      0.00000
      1969.57      0.00000
      1970.37      0.00000
      1971.17      0.00000
      1971.97      0.00000
      1972.77      0.00000
      1973.57      0.00000
      1974.37      0.00000
      1975.17      0.00000
      1975.97      0.00000
      1976.77      0.00000
      1977.57      0.00000
      1978.37      0.00000
      1979.17      0.00000
      1979.97      0.00000
      1980.77      0.00000
      1981.57      0.00000
      1982.37      0.00000
      1983.17      0.00000
      1983.96      0.00000
      1984.76      0.00000
      1985.56      0.00000
      1986.36      0.00000
      1987.16      0.00000
      1987.96      0.00000
      1988.76      0.00000
      1989.56      0.00000
      1990.36      0.00000
      1991.16      0.00000
      1991.96      0.00000
      1992.76      0.00000
      1993.56      0.00000
      1994.36      0.00000
      1995.16      0.00000
      1995.96      0.00000
      1996.76      0.00000
      1997.56      0.00000
      1998.36      0.00000
      1999.16      0.00000
      1999.96      0.00000
      2000.76      0.00000
      2001.56      0.00000
      2002.36      0.00000
      2003.16      0.00000
      2003.96      0.00000
      2004.76      0.00000
      2005.56      0.00000
      2006.36      0.00000
      2007.16      0.00000
      2007.95      0.00000
      2008.75      0.00000
      2009.55      0.00000
      2010.35      0.00000
      2011.15      0.00000
      2011.95      0.00000
      2012.75      0.00000
      2013.55      0.00000
      2014.35      0.00000
      2015.15      0.00000
      2015.95      0.00000
      2016.75      0.00000
      2017.55      0.00000
      2018.35      0.00000
      2019.15      0.00000
      2019.95      0.00000
      2020.75      0.00000
      2021.55      0.00000
      2022.35      0.00000
      2023.15      0.00000
      2023.95      0.00000
      2024.75      0.00000
      2025.55      0.00000
      2026.35      0.00000
      2027.15      0.00000
      2027.95      0.00000
      2028.75      0.00000
      2029.55      0.00000
      2030.35      0.00000
      2031.14      0.00000
      2031.94      0.00000
      2032.74      0.00000
      2033.54      0.00000
      2034.34      0.00000
      2035.14      0.00000
      2035.94      0.00000
      2036.74      0.00000
      2037.54      0.00000
      2038.34      0.00000
      2039.14      0.00000
      2039.94      0.00000
      2040.74      0.00000
      2041.54      0.00000
      2042.34      0.00000
      2043.14      0.00000
      2043.94      0.00000
      2044.74      0.00000
      2045.54      0.00000
      2046.34      0.00000
      2047.14      0.00000
      2047.94      0.00000
      2048.74      0.00000
      2049.54      0.00000
      2050.34      0.00000
      2051.14      0.00000
      2051.94      0.00000
      2052.74      0.00000
      2053.54      0.00000
      2054.34      0.00000
      2055.14      0.00000
      2055.93      0.00000
      2056.73      0.00000
      2057.53      0.00000
      2058.33      0.00000
      2059.13      0.00000
      2059.93      0.00000
      2060.73      0.00000
      2061.53      0.00000
      2062.33      0.00000
      2063.13      0.00000
      2063.93      0.00000
      2064.73      0.00000
      2065.53      0.00000
      2066.33      0.00000
      2067.13      0.00000
      2067.93      0.00000
      2068.73      0.00000
      2069.53      0.00000
      2070.33      0.00000
      2071.13      0.00000
      2071.93      0.00000
      2072.73      0.00000
      2073.53      0.00000
      2074.33      0.00000
      2075.13      0.00000
      2075.93      0.00000
      2076.73      0.00000
      2077.53      0.00000
      2078.33      0.00000
      2079.12      0.00000
      2079.92      0.00000
      2080.72      0.00000
      2081.52      0.00000
      2082.32      0.00000
      2083.12      0.00000
      2083.92      0.00000
      2084.72      0.00000
      2085.52      0.00000
      2086.32      0.00000
      2087.12      0.00000
      2087.92      0.00000
      2088.72      0.00000
      2089.52      0.00000
      2090.32      0.00000
      2091.12      0.00000
      2091.92      0.00000
      2092.72      0.00000
      2093.52      0.00000
      2094.32      0.00000
      2095.12      0.00000
      2095.92      0.00000
      2096.72      0.00000
      2097.52      0.00000
      2098.32      0.00000
      2099.12      0.00000
      2099.92      0.00000
      2100.72      0.00000
      2101.52      0.00000
      2102.32      0.00000
      2103.11      0.00000
      2103.91      0.00000
      2104.71      0.00000
      2105.51      0.00000
      2106.31      0.00000
      2107.11      0.00000
      2107.91      0.00000
      2108.71      0.00000
      2109.51      0.00000
      2110.31      0.00000
      2111.11      0.00000
      2111.91      0.00000
      2112.71      0.00000
      2113.51      0.00000
      2114.31      0.00000
      2115.11      0.00000
      2115.91      0.00000
      2116.71      0.00000
      2117.51      0.00000
      2118.31      0.00000
      2119.11      0.00000
      2119.91      0.00000
      2120.71      0.00000
      2121.51      0.00000
      2122.31      0.00000
      2123.11      0.00000
      2123.91      0.00000
      2124.71      0.00000
      2125.51      0.00000
      2126.30      0.00000
      2127.10      0.00000
      2127.90      0.00000
      2128.70      0.00000
      2129.50      0.00000
      2130.30      0.00000
      2131.10      0.00000
      2131.90      0.00000
      2132.70      0.00000
      2133.50      0.00000
      2134.30      0.00000
      2135.10      0.00000
      2135.90      0.00000
      2136.70      0.00000
      2137.50      0.00000
      2138.30      0.00000
      2139.10      0.00000
      2139.90      0.00000
      2140.70      0.00000
      2141.50      0.00000
      2142.30      0.00000
      2143.10      0.00000
      2143.90      0.00000
      2144.70      0.00000
      2145.50      0.00000
      2146.30      0.00000
      2147.10      0.00000
      2147.90      0.00000
      2148.70      0.00000
      2149.50      0.00000
      2150.29      0.00000
      2151.09      0.00000
      2151.89      0.00000
      2152.69      0.00000
      2153.49      0.00000
      2154.29      0.00000
      2155.09      0.00000
      2155.89      0.00000
      2156.69      0.00000
      2157.49      0.00000
      2158.29      0.00000
      2159.09      0.00000
      2159.89      0.00000
      2160.69      0.00000
      2161.49      0.00000
      2162.29      0.00000
      2163.09      0.00000
      2163.89      0.00000
      2164.69      0.00000
      2165.49      0.00000
      2166.29      0.00000
      2167.09      0.00000
      2167.89      0.00000
      2168.69      0.00000
      2169.49      0.00000
      2170.29      0.00000
      2171.09      0.00000
      2171.89      0.00000
      2172.69      0.00000
      2173.49      0.00000
      2174.28      0.00000
      2175.08      0.00000
      2175.88      0.00000
      2176.68      0.00000
      2177.48      0.00000
      2178.28      0.00000
      2179.08      0.00000
      2179.88      0.00000
      2180.68      0.00000
      2181.48      0.00000
      2182.28      0.00000
      2183.08      0.00000
      2183.88      0.00000
      2184.68      0.00000
      2185.48      0.00000
      2186.28      0.00000
      2187.08      0.00000
      2187.88      0.00000
      2188.68      0.00000
      2189.48      0.00000
      2190.28      0.00000
      2191.08      0.00000
      2191.88      0.00000
      2192.68      0.00000
      2193.48      0.00000
      2194.28      0.00000
      2195.08      0.00000
      2195.88      0.00000
      2196.68      0.00000
      2197.48      0.00000
      2198.27      0.00000
      2199.07      0.00000
      2199.87      0.00000
      2200.67      0.00000
      2201.47      0.00000
      2202.27      0.00000
      2203.07      0.00000
      2203.87      0.00000
      2204.67      0.00000
      2205.47      0.00000
      2206.27      0.00000
      2207.07      0.00000
      2207.87      0.00000
      2208.67      0.00000
      2209.47      0.00000
      2210.27      0.00000
      2211.07      0.00000
      2211.87      0.00000
      2212.67      0.00000
      2213.47      0.00000
      2214.27      0.00000
      2215.07      0.00000
      2215.87      0.00000
      2216.67      0.00000
      2217.47      0.00000
      2218.27      0.00000
      2219.07      0.00000
      2219.87      0.00000
      2220.67      0.00000
      2221.47      0.00000
      2222.26      0.00000
      2223.06      0.00000
      2223.86      0.00000
      2224.66      0.00000
      2225.46      0.00000
      2226.26      0.00000
      2227.06      0.00000
      2227.86      0.00000
      2228.66      0.00000
      2229.46      0.00000
      2230.26      0.00000
      2231.06      0.00000
      2231.86      0.00000
      2232.66      0.00000
      2233.46      0.00000
      2234.26      0.00000
      2235.06      0.00000
      2235.86      0.00000
      2236.66      0.00000
      2237.46      0.00000
      2238.26      0.00000
      2239.06      0.00000
      2239.86      0.00000
      2240.66      0.00000
      2241.46      0.00000
      2242.26      0.00000
      2243.06      0.00000
      2243.86      0.00000
      2244.66      0.00000
      2245.46      0.00000
      2246.25      0.00000
      2247.05      0.00000
      2247.85      0.00000
      2248.65      0.00000
      2249.45      0.00000
      2250.25      0.00000
      2251.05      0.00000
      2251.85      0.00000
      2252.65      0.00000
      2253.45      0.00000
      2254.25      0.00000
      2255.05      0.00000
      2255.85      0.00000
      2256.65      0.00000
      2257.45      0.00000
      2258.25      0.00000
      2259.05      0.00000
      2259.85      0.00000
      2260.65      0.00000
      2261.45      0.00000
      2262.25      0.00000
      2263.05      0.00000
      2263.85      0.00000
      2264.65      0.00000
      2265.45      0.00000
      2266.25      0.00000
      2267.05      0.00000
      2267.85      0.00000
      2268.65      0.00000
      2269.45      0.00000
      2270.24      0.00000
      2271.04      0.00000
      2271.84      0.00000
      2272.64      0.00000
      2273.44      0.00000
      2274.24      0.00000
      2275.04      0.00000
      2275.84      0.00000
      2276.64      0.00000
      2277.44      0.00000
      2278.24      0.00000
      2279.04      0.00000
      2279.84      0.00000
      2280.64      0.00000
      2281.44      0.00000
      2282.24      0.00000
      2283.04      0.00000
      2283.84      0.00000
      2284.64      0.00000
      2285.44      0.00000
      2286.24      0.00000
      2287.04      0.00000
      2287.84      0.00000
      2288.64      0.00000
      2289.44      0.00000
      2290.24      0.00000
      2291.04      0.00000
      2291.84      0.00000
      2292.64      0.00000
      2293.44      0.00000
      2294.23      0.00000
      2295.03      0.00000
      2295.83      0.00000
      2296.63      0.00000
      2297.43      0.00000
      2298.23      0.00000
      2299.03      0.00000
      2299.83      0.00000
      2300.63      0.00000
      2301.43      0.00000
      2302.23      0.00000
      2303.03      0.00000
      2303.83      0.00000
      2304.63      0.00000
      2305.43      0.00000
      2306.23      0.00000
      2307.03      0.00000
      2307.83      0.00000
      2308.63      0.00000
      2309.43      0.00000
      2310.23      0.00000
      2311.03      0.00000
      2311.83      0.00000
      2312.63      0.00000
      2313.43      0.00000
      2314.23      0.00000
      2315.03      0.00000
      2315.83      0.00000
      2316.63      0.00000
      2317.42      0.00000
      2318.22      0.00000
      2319.02      0.00000
      2319.82      0.00000
      2320.62      0.00000
      2321.42      0.00000
      2322.22      0.00000
      2323.02      0.00000
      2323.82      0.00000
      2324.62      0.00000
      2325.42      0.00000
      2326.22      0.00000
      2327.02      0.00000
      2327.82      0.00000
      2328.62      0.00000
      2329.42      0.00000
      2330.22      0.00000
      2331.02      0.00000
      2331.82      0.00000
      2332.62      0.00000
      2333.42      0.00000
      2334.22      0.00000
      2335.02      0.00000
      2335.82      0.00000
      2336.62      0.00000
      2337.42      0.00000
      2338.22      0.00000
      2339.02      0.00000
      2339.82      0.00000
      2340.61      0.00000
      2341.41      0.00000
      2342.21      0.00000
      2343.01      0.00000
      2343.81      0.00000
      2344.61      0.00000
      2345.41      0.00000
      2346.21      0.00000
      2347.01      0.00000
      2347.81      0.00000
      2348.61      0.00000
      2349.41      0.00000
      2350.21      0.00000
      2351.01      0.00000
      2351.81      0.00000
      2352.61      0.00000
      2353.41      0.00000
      2354.21      0.00000
      2355.01      0.00000
      2355.81      0.00000
      2356.61      0.00000
      2357.41      0.00000
      2358.21      0.00000
      2359.01      0.00000
      2359.81      0.00000
      2360.61      0.00000
      2361.41      0.00000
      2362.21      0.00000
      2363.01      0.00000
      2363.81      0.00000
      2364.61      0.00000
      2365.40      0.00000
      2366.20      0.00000
      2367.00      0.00000
      2367.80      0.00000
      2368.60      0.00000
      2369.40      0.00000
      2370.20      0.00000
      2371.00      0.00000
      2371.80      0.00000
      2372.60      0.00000
      2373.40      0.00000
      2374.20      0.00000
      2375.00      0.00000
      2375.80      0.00000
      2376.60      0.00000
      2377.40      0.00000
      2378.20      0.00000
      2379.00      0.00000
      2379.80      0.00000
      2380.60      0.00000
      2381.40      0.00000
      2382.20      0.00000
      2383.00      0.00000
      2383.80      0.00000
      2384.60      0.00000
      2385.40      0.00000
      2386.20      0.00000
      2387.00      0.00000
      2387.80      0.00000
      2388.59      0.00000
      2389.39      0.00000
      2390.19      0.00000
      2390.99      0.00000
      2391.79      0.00000
      2392.59      0.00000
      2393.39      0.00000
      2394.19      0.00000
      2394.99      0.00000
      2395.79      0.00000
      2396.59      0.00000
      2397.39      0.00000
      2398.19      0.00000
      2398.99      0.00000
      2399.79      0.00000
      2400.59      0.00000
      2401.39      0.00000
      2402.19      0.00000
      2402.99      0.00000
      2403.79      0.00000
      2404.59      0.00000
      2405.39      0.00000
      2406.19      0.00000
      2406.99      0.00000
      2407.79      0.00000
      2408.59      0.00000
      2409.39      0.00000
      2410.19      0.00000
      2410.99      0.00000
      2411.79      0.00000
      2412.58      0.00000
      2413.38      0.00000
      2414.18      0.00000
      2414.98      0.00000
      2415.78      0.00000
      2416.58      0.00000
      2417.38      0.00000
      2418.18      0.00000
      2418.98      0.00000
      2419.78      0.00000
      2420.58      0.00000
      2421.38      0.00000
      2422.18      0.00000
      2422.98      0.00000
      2423.78      0.00000
      2424.58      0.00000
      2425.38      0.00000
      2426.18      0.00000
      2426.98      0.00000
      2427.78      0.00000
      2428.58      0.00000
      2429.38      0.00000
      2430.18      0.00000
      2430.98      0.00000
      2431.78      0.00000
      2432.58      0.00000
      2433.38      0.00000
      2434.18      0.00000
      2434.98      0.00000
      2435.78      0.00000
      2436.57      0.00000
      2437.37      0.00000
      2438.17      0.00000
      2438.97      0.00000
      2439.77      0.00000
      2440.57      0.00000
      2441.37      0.00000
      2442.17      0.00000
      2442.97      0.00000
      2443.77      0.00000
      2444.57      0.00000
      2445.37      0.00000
      2446.17      0.00000
      2446.97      0.00000
      2447.77      0.00000
      2448.57      0.00000
      2449.37      0.00000
      2450.17      0.00000
      2450.97      0.00000
      2451.77      0.00000
      2452.57      0.00000
      2453.37      0.00000
      2454.17      0.00000
      2454.97      0.00000
      2455.77      0.00000
      2456.57      0.00000
      2457.37      0.00000
      2458.17      0.00000
      2458.97      0.00000
      2459.77      0.00000
      2460.56      0.00000
      2461.36      0.00000
      2462.16      0.00000
      2462.96      0.00000
      2463.76      0.00000
      2464.56      0.00000
      2465.36      0.00000
      2466.16      0.00000
      2466.96      0.00000
      2467.76      0.00000
      2468.56      0.00000
      2469.36      0.00000
      2470.16      0.00000
      2470.96      0.00000
      2471.76      0.00000
      2472.56      0.00000
      2473.36      0.00000
      2474.16      0.00000
      2474.96      0.00000
      2475.76      0.00000
      2476.56      0.00000
      2477.36      0.00000
      2478.16      0.00000
      2478.96      0.00000
      2479.76      0.00000
      2480.56      0.00000
      2481.36      0.00000
      2482.16      0.00000
      2482.96      0.00000
      2483.76      0.00000
      2484.55      0.00000
      2485.35      0.00000
      2486.15      0.00000
      2486.95      0.00000
      2487.75      0.00000
      2488.55      0.00000
      2489.35      0.00000
      2490.15      0.00000
      2490.95      0.00000
