-30.00634  0.
-29.2364162320611  0.
-28.4664924641222  0.
-27.6965686961832  0.
-26.9266449282443  0.
-26.1567211603054  0.
-25.3867973923664  0.
-24.6168736244275  0.
-23.8469498564886  0.
-23.0770260885496  0.
-22.3071023206107  0.
-21.5371785526718  0.
-20.7672547847328  0.
-19.9973310167939  0.
-19.227407248855  0.
-18.457483480916  0.
-17.6875597129771  0.
-16.9176359450382  0.
-16.1477121770992  0.
-15.3777884091603  0.
-14.6078646412214  0.
-13.8379408732824  0.
-13.0680171053435  0.
-12.2980933374046  0.
-11.5281695694656  0.
-10.7582458015267  0.
-9.98832203358778  0.
-9.21839826564885  0.
-8.44847449770991  0.
-7.67855072977098  0.
-6.90862696183205  0.
-6.13870319389312  0.
-5.36877942595419  0.
-4.59885565801525  0.
-3.82893189007632  0.
-3.05900812213739  0.
-2.28908435419846  0.
-1.51916058625952  0.
-0.749236818320593  0.
0.0206869496183408  0.
0.790610717557271  0.
1.56053448549621  0.
2.33045825343514  0.
3.10038202137407  0.
3.870305789313  0.
4.64022955725193  0.
5.41015332519087  0.
6.1800770931298  0.
6.95000086106873  0.
7.71992462900766  0.
8.48984839694659  0.
9.25977216488553  0.
10.0296959328245  0.
10.7996197007634  0.
11.5695434687023  0.
12.3394672366413  0.
13.1093910045802  0.
13.8793147725191  0.
14.649238540458  0.
15.419162308397  0.
16.1890860763359  0.
16.9590098442749  0.
17.7289336122138  0.
18.4988573801527  0.
19.2687811480916  0.
20.0387049160306  0.
20.8086286839695  0.
21.5785524519084  0.
22.3484762198474  0.
23.1183999877863  0.
23.8883237557252  0.
24.6582475236642  0.
25.4281712916031  0.
26.198095059542  0.
26.968018827481  0.
27.7379425954199  -4.295205E-21
28.5078663633588  -3.348903E-21
29.2777901312978  3.070473E-19
30.0477138992367  -3.428822E-18
30.8176376671756  2.155418E-18
31.5875614351146  3.114198E-17
32.3574852030535  -6.653382E-18
33.1274089709924  -1.259053E-17
33.8973327389314  -8.171472E-18
34.6672565068703  2.928105E-17
35.4371802748092  3.890582E-17
36.2071040427482  3.328044E-17
36.9770278106871  -5.316382E-18
37.746951578626  2.125625E-17
38.516875346565  -6.795028E-18
39.2867991145039  -1.545895E-17
40.0567228824428  6.144035E-17
40.8266466503817  1.079629E-17
41.5965704183207  5.502796E-17
42.3664941862596  1.756496E-17
43.1364179541985  -2.255796E-17
43.9063417221375  5.514028E-17
44.6762654900764  2.321180E-17
45.4461892580153  -2.125207E-17
46.2161130259543  1.621995E-17
46.9860367938932  -5.042149E-18
47.7559605618321  3.345195E-17
48.5258843297711  2.704957E-17
49.29580809771  -2.577598E-17
50.0657318656489  -1.431585E-17
50.8356556335879  -1.301486E-17
51.6055794015268  -1.513173E-17
52.3755031694657  -1.408872E-17
53.1454269374047  -1.354670E-17
53.9153507053436  -1.917127E-17
54.6852744732825  1.847661E-17
55.4551982412215  4.949779E-17
56.2251220091604  9.876869E-18
56.9950457770993  7.113024E-18
57.7649695450383  -1.138047E-17
58.5348933129772  7.818799E-18
59.3048170809161  3.896890E-18
60.0747408488551  -7.586872E-18
60.844664616794  4.674201E-18
61.6145883847329  -1.634830E-17
62.3845121526719  -5.148950E-18
63.1544359206108  3.213732E-17
63.9243596885497  -5.097209E-18
64.6942834564887  -2.209515E-17
65.4642072244276  -1.071615E-17
66.2341309923665  4.059379E-17
67.0040547603055  -7.137239E-18
67.7739785282444  -2.846859E-19
68.5439022961833  5.571227E-18
69.3138260641223  3.711019E-18
70.0837498320612  -3.209423E-18
70.8536736000001  -1.662971E-18
71.623597367939  -1.176236E-17
72.393521135878  -1.850553E-18
73.1634449038169  3.571928E-18
73.9333686717558  1.958828E-18
74.7032924396948  -1.232199E-17
75.4732162076337  6.644599E-18
76.2431399755726  2.846650E-17
77.0130637435116  5.413905E-18
77.7829875114505  -2.441190E-18
78.5529112793894  -3.263939E-18
79.3228350473284  -1.288978E-17
80.0927588152673  -1.314120E-17
80.8626825832062  -4.733877E-18
81.6326063511452  -6.528605E-18
82.4025301190841  -1.244632E-17
83.172453887023  -1.214540E-17
83.942377654962  2.560454E-19
84.7123014229009  1.035588E-17
85.4822251908398  -3.177351E-18
86.2521489587788  6.279200E-18
87.0220727267177  1.424134E-17
87.7919964946566  -1.048277E-17
88.5619202625955  -5.073851E-18
89.3318440305345  2.911406E-18
90.1017677984734  7.917999E-18
90.8716915664123  8.380548E-18
91.6416153343513  -1.250689E-17
92.4115391022902  -3.324412E-18
93.1814628702292  -5.716748E-19
93.9513866381681  -3.438945E-18
94.721310406107  -2.007068E-17
95.4912341740459  -1.225672E-17
96.2611579419849  -7.840767E-18
97.0310817099238  -6.441825E-18
97.8010054778627  -5.236538E-18
98.5709292458017  -3.609836E-19
99.3408530137406  2.888846E-18
100.11077678168  4.452133E-18
100.880700549618  -1.202734E-17
101.650624317557  -5.099520E-18
102.420548085496  -9.267426E-19
103.190471853435  -9.155761E-18
103.960395621374  -2.715355E-18
104.730319389313  8.786286E-18
105.500243157252  2.191422E-18
106.270166925191  -1.233869E-17
107.04009069313  -1.481847E-18
107.810014461069  7.510373E-18
108.579938229008  -1.802433E-18
109.349861996947  -6.925264E-18
110.119785764886  1.026304E-17
110.889709532825  7.565937E-19
111.659633300764  -1.130727E-17
112.429557068702  -1.186066E-17
113.199480836641  -1.847545E-17
113.96940460458  -3.764339E-18
114.739328372519  1.630909E-17
115.509252140458  5.095926E-18
116.279175908397  -5.786523E-18
117.049099676336  1.866815E-18
117.819023444275  5.893616E-19
118.588947212214  9.754132E-19
119.358870980153  -2.910164E-18
120.128794748092  -1.757090E-17
120.898718516031  -9.009070E-18
121.66864228397  -9.600554E-19
122.438566051909  -1.250199E-17
123.208489819847  -5.421959E-18
123.978413587786  8.859706E-19
124.748337355725  -1.487478E-17
125.518261123664  -2.803089E-18
126.288184891603  2.477246E-18
127.058108659542  -1.507717E-17
127.828032427481  -1.629907E-17
128.59795619542  -1.099548E-17
129.367879963359  8.996347E-18
130.137803731298  -2.306201E-18
130.907727499237  -2.573681E-18
131.677651267176  7.068984E-18
132.447575035115  -8.586245E-18
133.217498803054  -5.697125E-18
133.987422570993  -3.893333E-19
134.757346338931  1.438449E-17
135.52727010687  8.902864E-19
136.297193874809  -1.493980E-17
137.067117642748  -1.372298E-17
137.837041410687  -2.931103E-18
138.606965178626  -1.406312E-17
139.376888946565  -2.091793E-17
140.146812714504  -1.964866E-17
140.916736482443  -1.119909E-17
141.686660250382  -1.045302E-17
142.456584018321  2.312150E-19
143.22650778626  1.011733E-18
143.996431554199  -1.364196E-17
144.766355322138  -1.202585E-17
145.536279090077  4.415986E-18
146.306202858015  3.121044E-18
147.076126625954  -1.131372E-17
147.846050393893  -1.774148E-17
148.615974161832  1.957116E-19
149.385897929771  1.205462E-17
150.15582169771  -4.759893E-18
150.925745465649  2.119521E-18
151.695669233588  2.362446E-19
152.465593001527  -1.627580E-17
153.235516769466  -1.560483E-17
154.005440537405  -1.370034E-17
154.775364305344  1.525668E-18
155.545288073283  2.184081E-17
156.315211841222  1.732864E-17
157.085135609161  -1.290165E-17
157.855059377099  -1.366155E-17
158.624983145038  -4.522083E-18
159.394906912977  -3.440270E-18
160.164830680916  -9.651830E-19
160.934754448855  1.007220E-17
161.704678216794  5.758501E-18
162.474601984733  4.632848E-18
163.244525752672  -1.409293E-17
164.014449520611  -1.545466E-17
164.78437328855  3.149085E-18
165.554297056489  1.228440E-17
166.324220824428  3.329886E-18
167.094144592367  -3.990133E-18
167.864068360306  3.090451E-18
168.633992128245  -1.211736E-17
169.403915896183  -1.875977E-17
170.173839664122  -6.253806E-19
170.943763432061  -3.052268E-18
171.7136872  -1.294150E-20
172.483610967939  1.309777E-17
173.253534735878  -4.686745E-18
174.023458503817  -1.739432E-18
174.793382271756  1.455269E-17
175.563306039695  2.816009E-18
176.333229807634  1.589696E-18
177.103153575573  2.114784E-18
177.873077343512  -3.261043E-18
178.643001111451  -9.283622E-18
179.41292487939  -4.335730E-18
180.182848647328  1.146714E-17
180.952772415267  4.884896E-18
181.722696183206  -1.118106E-18
182.492619951145  9.203761E-19
183.262543719084  2.450746E-18
184.032467487023  -5.599912E-19
184.802391254962  -1.688391E-17
185.572315022901  -1.799623E-17
186.34223879084  -1.508471E-17
187.112162558779  -1.088636E-17
187.882086326718  -1.785511E-17
188.652010094657  -1.307217E-17
189.421933862596  -1.984749E-17
190.191857630535  -1.637901E-17
190.961781398474  3.297949E-18
191.731705166412  2.304024E-18
192.501628934351  -2.140335E-18
193.27155270229  9.421189E-18
194.041476470229  -1.298868E-17
194.811400238168  -1.585062E-17
195.581324006107  -1.476837E-17
196.351247774046  -1.032162E-17
197.121171541985  -8.456559E-18
197.891095309924  -3.558722E-18
198.661019077863  -1.038740E-17
199.430942845802  -4.607009E-18
200.200866613741  -1.855964E-18
200.97079038168  -2.172362E-18
201.740714149619  -1.052455E-17
202.510637917557  1.135979E-17
203.280561685496  6.315383E-18
204.050485453435  -1.152940E-17
204.820409221374  -6.889970E-18
205.590332989313  -3.958158E-18
206.360256757252  -2.193396E-18
207.130180525191  -1.040910E-17
207.90010429313  -1.037936E-17
208.670028061069  -5.169459E-18
209.439951829008  1.201543E-18
210.209875596947  -5.268960E-18
210.979799364886  -1.804300E-17
211.749723132825  -1.926096E-17
212.519646900764  -4.072766E-18
213.289570668703  9.689553E-18
214.059494436641  -7.423541E-18
214.82941820458  -1.749238E-17
215.599341972519  -7.205411E-18
216.369265740458  5.096123E-18
217.139189508397  -1.246289E-18
217.909113276336  -3.331649E-18
218.679037044275  -2.827158E-18
219.448960812214  -4.085668E-18
220.218884580153  -1.282647E-17
220.988808348092  -1.002479E-17
221.758732116031  -3.804595E-18
222.52865588397  -1.303076E-17
223.298579651909  -1.553052E-17
224.068503419848  -1.174488E-17
224.838427187787  5.919216E-18
225.608350955725  -3.769996E-18
226.378274723664  -1.707864E-17
227.148198491603  -1.809324E-17
227.918122259542  -1.024425E-17
228.688046027481  -1.575763E-17
229.45796979542  7.724619E-18
230.227893563359  -1.138828E-17
230.997817331298  -3.932685E-18
231.767741099237  -9.535624E-18
232.537664867176  1.225866E-18
233.307588635115  7.547551E-18
234.077512403054  1.741180E-17
234.847436170993  2.032022E-17
235.617359938932  1.353393E-17
236.387283706871  -3.917005E-18
237.157207474809  3.580805E-18
237.927131242748  1.972395E-17
238.697055010687  9.291515E-18
239.466978778626  -8.741396E-18
240.236902546565  -6.823520E-18
241.006826314504  -1.085205E-18
241.776750082443  -5.554117E-19
242.546673850382  -8.145787E-18
243.316597618321  -1.041090E-17
244.08652138626  -3.558493E-18
244.856445154199  -5.713045E-18
245.626368922138  8.689460E-19
246.396292690077  -1.721897E-18
247.166216458016  -1.489991E-17
247.936140225955  -1.167577E-17
248.706063993893  -2.113783E-18
249.475987761832  8.562114E-18
250.245911529771  -1.639323E-17
251.01583529771  -9.355227E-18
251.785759065649  1.775361E-18
252.555682833588  -1.348559E-17
253.325606601527  -4.507840E-18
254.095530369466  -1.799772E-18
254.865454137405  4.708831E-18
255.635377905344  1.296484E-17
256.405301673283  5.238505E-18
257.175225441222  2.567082E-17
257.945149209161  1.780644E-17
258.7150729771  -9.210691E-18
259.484996745039  -3.879571E-18
260.254920512977  -1.100530E-17
261.024844280916  -1.266370E-17
261.794768048855  -1.840284E-18
262.564691816794  1.665068E-17
263.334615584733  3.492331E-18
264.104539352672  6.122657E-18
264.874463120611  1.792866E-19
265.64438688855  -1.251101E-17
266.414310656489  1.020775E-17
267.184234424428  -4.166192E-18
267.954158192367  -7.807082E-18
268.724081960306  -9.273388E-18
269.494005728245  -1.405172E-17
270.263929496184  -1.332382E-17
271.033853264122  -6.952966E-18
271.803777032061  1.555915E-17
272.5737008  5.166976E-18
273.343624567939  -1.388684E-17
274.113548335878  -2.100184E-18
274.883472103817  5.425861E-18
275.653395871756  4.235167E-18
276.423319639695  -4.779351E-18
277.193243407634  -9.386964E-18
277.963167175573  -5.663776E-18
278.733090943512  -1.064534E-17
279.503014711451  -5.961740E-18
280.27293847939  -8.064809E-18
281.042862247329  -6.201940E-18
281.812786015268  6.136221E-18
282.582709783206  -8.473901E-18
283.352633551145  -7.505242E-19
284.122557319084  1.449829E-17
284.892481087023  -7.650869E-18
285.662404854962  -9.724128E-18
286.432328622901  1.386859E-17
287.20225239084  5.068547E-18
287.972176158779  8.689194E-19
288.742099926718  -6.620064E-18
289.512023694657  -2.375727E-18
290.281947462596  -2.059922E-17
291.051871230535  -1.970398E-17
291.821794998474  -2.914740E-19
292.591718766413  -1.421012E-17
293.361642534352  -8.434594E-18
294.13156630229  -4.075393E-18
294.901490070229  -6.555575E-18
295.671413838168  -1.557746E-17
296.441337606107  -1.919977E-17
297.211261374046  -1.898331E-17
297.981185141985  -1.826216E-17
298.751108909924  -1.027918E-17
299.521032677863  -1.543061E-17
300.290956445802  -1.977382E-17
301.060880213741  -1.043134E-17
301.83080398168  -7.501854E-18
302.600727749619  8.100968E-18
303.370651517558  3.979135E-18
304.140575285497  -8.290449E-18
304.910499053436  1.441072E-17
305.680422821374  6.033394E-18
306.450346589313  -1.170840E-17
307.220270357252  -1.112072E-17
307.990194125191  -1.252232E-17
308.76011789313  -1.262914E-17
309.530041661069  -1.526636E-17
310.299965429008  -6.087930E-18
311.069889196947  -1.019813E-17
311.839812964886  -1.694130E-17
312.609736732825  -1.633298E-17
313.379660500764  -1.411439E-17
314.149584268703  -1.238977E-17
314.919508036642  -8.796611E-18
315.689431804581  -7.836478E-19
316.45935557252  7.184862E-18
317.229279340458  2.115457E-17
317.999203108397  5.332523E-18
318.769126876336  -4.720809E-18
319.539050644275  1.920897E-17
320.308974412214  5.815677E-19
321.078898180153  -1.169011E-17
321.848821948092  -1.181674E-17
322.618745716031  2.567351E-18
323.38866948397  1.460529E-17
324.158593251909  3.940578E-18
324.928517019848  -9.770412E-18
325.698440787787  -9.748283E-18
326.468364555726  1.353241E-17
327.238288323665  -4.464605E-18
328.008212091604  -3.941610E-18
328.778135859542  -7.373312E-19
329.548059627481  6.803643E-18
330.31798339542  -7.569866E-20
331.087907163359  -4.903958E-18
331.857830931298  1.313781E-17
332.627754699237  -3.816133E-18
333.397678467176  -5.760111E-19
334.167602235115  1.159774E-17
334.937526003054  -4.725324E-18
335.707449770993  1.050259E-18
336.477373538932  -1.765700E-18
337.247297306871  -1.841977E-19
338.01722107481  2.201010E-17
338.787144842749  1.562238E-17
339.557068610687  -5.212878E-18
340.326992378626  7.611688E-18
341.096916146565  1.404959E-17
341.866839914504  -3.138179E-18
342.636763682443  1.105478E-17
343.406687450382  7.944910E-18
344.176611218321  -1.526963E-17
344.94653498626  -1.472616E-17
345.716458754199  -8.941234E-18
346.486382522138  -6.306534E-19
347.256306290077  -6.183279E-18
348.026230058016  1.357441E-18
348.796153825955  1.066635E-17
349.566077593894  5.009311E-19
350.336001361833  2.170836E-17
351.105925129771  -9.939544E-18
351.87584889771  1.454766E-18
352.645772665649  -2.921523E-18
353.415696433588  -4.543962E-18
354.185620201527  -1.703662E-18
354.955543969466  8.494760E-18
355.725467737405  9.415254E-18
356.495391505344  -2.687141E-18
357.265315273283  -1.291357E-17
358.035239041222  -1.450473E-17
358.805162809161  -5.226875E-18
359.5750865771  -3.936527E-18
360.345010345039  2.827330E-18
361.114934112978  2.610026E-17
361.884857880917  -2.447422E-18
362.654781648855  -3.755273E-18
363.424705416794  9.488724E-18
364.194629184733  1.118082E-17
364.964552952672  -1.015315E-17
365.734476720611  -9.243219E-18
366.50440048855  -1.226457E-17
367.274324256489  -1.355894E-17
368.044248024428  -9.044275E-18
368.814171792367  -2.857315E-18
369.584095560306  4.638543E-18
370.354019328245  -1.230083E-18
371.123943096184  -6.923010E-18
371.893866864123  -2.801977E-18
372.663790632062  1.392803E-17
373.433714400001  2.084306E-17
374.203638167939  2.902501E-18
374.973561935878  -4.755983E-18
375.743485703817  2.035459E-18
376.513409471756  3.730240E-18
377.283333239695  -4.436396E-18
378.053257007634  -1.084575E-17
378.823180775573  -6.219376E-18
379.593104543512  2.597412E-18
380.363028311451  8.080392E-18
381.13295207939  -1.353549E-17
381.902875847329  -1.109782E-17
382.672799615268  2.148497E-18
383.442723383207  1.214923E-18
384.212647151146  -1.161173E-17
384.982570919085  -1.530073E-17
385.752494687023  -5.574558E-18
386.522418454962  -1.764071E-17
387.292342222901  -2.076105E-17
388.06226599084  -2.055314E-17
388.832189758779  -1.805771E-17
389.602113526718  -9.810479E-18
390.372037294657  -1.660201E-17
391.141961062596  -1.084125E-17
391.911884830535  -7.087366E-18
392.681808598474  1.412367E-18
393.451732366413  -1.228662E-17
394.221656134352  -7.756261E-18
394.991579902291  -1.013049E-17
395.76150367023  -1.460886E-17
396.531427438168  -7.067429E-18
397.301351206107  -2.697368E-18
398.071274974046  -2.167229E-18
398.841198741985  -9.008855E-18
399.611122509924  -2.900790E-18
400.381046277863  8.953820E-18
401.150970045802  1.295332E-17
401.920893813741  2.469104E-19
402.69081758168  -1.406972E-17
403.460741349619  -4.094920E-18
404.230665117558  -4.101534E-18
405.000588885497  -3.018587E-18
405.770512653436  7.682942E-18
406.540436421375  -7.061077E-18
407.310360189314  -1.052865E-18
408.080283957252  6.254026E-18
408.850207725191  -8.288815E-18
409.62013149313  9.078747E-18
410.390055261069  1.405495E-17
411.159979029008  1.274715E-18
411.929902796947  -1.099817E-17
412.699826564886  -1.696372E-17
413.469750332825  -8.333356E-18
414.239674100764  -1.064152E-17
415.009597868703  -1.679802E-17
415.779521636642  -8.453524E-18
416.549445404581  -5.872842E-18
417.31936917252  -1.693883E-17
418.089292940459  -1.538657E-17
418.859216708398  2.743195E-18
419.629140476336  -1.317299E-17
420.399064244275  -5.350299E-18
421.168988012214  -1.443001E-17
421.938911780153  -1.978006E-17
422.708835548092  -2.095586E-17
423.478759316031  -2.114318E-17
424.24868308397  -1.606604E-17
425.018606851909  -4.632681E-18
425.788530619848  6.001544E-18
426.558454387787  -6.677143E-18
427.328378155726  -3.638445E-19
428.098301923665  -6.764420E-18
428.868225691604  -5.167650E-18
429.638149459543  -1.008681E-17
430.408073227481  -1.725725E-17
431.17799699542  -8.099079E-18
431.947920763359  -1.024240E-17
432.717844531298  -5.240862E-18
433.487768299237  -2.396205E-18
434.257692067176  -1.403150E-17
435.027615835115  -2.700218E-19
435.797539603054  2.433232E-18
436.567463370993  -1.679174E-17
437.337387138932  -1.183562E-17
438.107310906871  -7.840303E-18
438.87723467481  -5.048704E-19
439.647158442749  2.443376E-18
440.417082210688  -3.622041E-18
441.187005978627  2.530340E-17
441.956929746566  4.135662E-17
442.726853514504  3.637398E-17
443.496777282443  1.799932E-18
444.266701050382  -7.473543E-18
445.036624818321  -8.999061E-18
445.80654858626  -6.793547E-18
446.576472354199  1.823708E-18
447.346396122138  1.539438E-18
448.116319890077  6.870917E-19
448.886243658016  -2.248577E-18
449.656167425955  -1.135867E-17
450.426091193894  -1.083788E-17
451.196014961833  1.294293E-18
451.965938729772  2.212195E-18
452.735862497711  -1.000170E-17
453.505786265649  -1.023617E-17
454.275710033588  -7.369879E-18
455.045633801527  -1.277191E-17
455.815557569466  3.225836E-18
456.585481337405  9.997269E-18
457.355405105344  -4.459834E-18
458.125328873283  -8.844462E-18
458.895252641222  -4.737524E-18
459.665176409161  -3.467990E-18
460.4351001771  4.983339E-18
461.205023945039  2.043087E-18
461.974947712978  -1.232791E-18
462.744871480917  -9.447701E-18
463.514795248856  -8.893100E-18
464.284719016795  -4.211749E-18
465.054642784734  -4.306154E-18
465.824566552672  -1.018435E-17
466.594490320611  -1.722890E-17
467.36441408855  -1.138979E-17
468.134337856489  -5.700494E-18
468.904261624428  -6.887809E-18
469.674185392367  -5.615659E-18
470.444109160306  -8.314559E-18
471.214032928245  -1.486110E-17
471.983956696184  -5.432535E-18
472.753880464123  2.489069E-18
473.523804232062  -1.094482E-17
474.293728000001  -8.297445E-18
475.063651767939  -2.241077E-18
475.833575535878  -7.680741E-18
476.603499303817  6.581673E-19
477.373423071756  -2.930704E-19
478.143346839695  -4.075873E-18
478.913270607634  -5.348692E-18
479.683194375573  -2.641369E-18
480.453118143512  3.828027E-19
481.223041911451  2.783469E-17
481.99296567939  -8.810388E-18
482.762889447329  -1.845512E-17
483.532813215268  -1.659671E-17
484.302736983207  -6.742079E-18
485.072660751146  -9.951260E-18
485.842584519085  -1.687220E-17
486.612508287023  -9.748919E-18
487.382432054963  -6.876739E-18
488.152355822901  -6.958467E-18
488.92227959084  -1.580571E-17
489.692203358779  -1.873380E-17
490.462127126718  -1.082120E-17
491.232050894657  -1.039306E-17
492.001974662596  -2.860735E-18
492.771898430535  -4.122456E-18
493.541822198474  -7.962982E-18
494.311745966413  -7.259840E-18
495.081669734352  -1.465542E-17
495.851593502291  -1.889451E-17
496.62151727023  8.481571E-18
497.391441038169  9.579616E-18
498.161364806107  -1.383307E-17
498.931288574047  -6.377777E-19
499.701212341985  -1.412083E-18
500.471136109924  -1.370929E-17
501.241059877863  1.364607E-18
502.010983645802  -2.876973E-18
502.780907413741  -1.123072E-18
503.55083118168  1.736472E-17
504.320754949619  -2.623146E-18
505.090678717558  -9.904835E-18
505.860602485497  3.376734E-18
506.630526253436  -7.109514E-19
507.400450021375  8.851742E-18
508.170373789314  5.983923E-18
508.940297557253  3.148220E-19
509.710221325192  2.571944E-18
510.480145093131  -5.676809E-18
511.250068861069  -1.004142E-18
512.019992629008  1.650227E-19
512.789916396947  7.673489E-18
513.559840164886  1.142007E-17
514.329763932825  -8.968533E-18
515.099687700764  2.618762E-18
515.869611468703  -9.962535E-19
516.639535236642  -1.334183E-17
517.409459004581  1.897586E-17
518.17938277252  -6.298112E-20
518.949306540459  -1.753691E-17
519.719230308398  -9.934093E-18
520.489154076337  -1.571590E-17
521.259077844275  -1.033845E-17
522.029001612215  -7.169326E-18
522.798925380153  -3.353349E-18
523.568849148092  3.702173E-17
524.338772916031  8.453063E-18
525.10869668397  -1.118720E-17
525.878620451909  -5.372047E-18
526.648544219848  -1.216521E-17
527.418467987787  6.176767E-18
528.188391755726  7.911162E-18
528.958315523665  -1.042988E-17
529.728239291604  -1.572028E-17
530.498163059543  -1.029217E-17
531.268086827482  -4.609959E-18
532.03801059542  -1.159151E-17
532.807934363359  -1.369990E-17
533.577858131299  -5.605967E-18
534.347781899237  -5.045769E-18
535.117705667176  -6.239145E-18
535.887629435115  -1.265024E-17
536.657553203054  -1.335553E-17
537.427476970993  5.284196E-18
538.197400738932  -3.370228E-18
538.967324506871  -1.305179E-17
539.73724827481  -1.424336E-19
540.507172042749  -1.473320E-17
541.277095810688  -1.388561E-17
542.047019578627  -4.186541E-18
542.816943346566  -5.025405E-18
543.586867114504  -1.245664E-17
544.356790882443  -1.180766E-17
545.126714650383  -7.680681E-18
545.896638418321  7.538241E-18
546.66656218626  6.045952E-18
547.436485954199  3.104858E-17
548.206409722138  8.057497E-19
548.976333490077  2.087371E-17
549.746257258016  1.288845E-17
550.516181025955  6.222361E-18
551.286104793894  7.626633E-18
552.056028561833  6.454422E-18
552.825952329772  -1.138280E-17
553.595876097711  -8.866996E-18
554.36579986565  2.184852E-18
555.135723633588  -2.407801E-18
555.905647401527  4.010921E-18
556.675571169466  -6.074819E-18
557.445494937405  -3.770300E-20
558.215418705344  -3.426976E-18
558.985342473283  5.961371E-18
559.755266241222  1.142944E-17
560.525190009161  -1.027215E-17
561.2951137771  -1.381502E-17
562.065037545039  1.358274E-18
562.834961312978  -4.538451E-18
563.604885080917  -1.139792E-17
564.374808848856  -3.578224E-18
565.144732616795  -2.275919E-18
565.914656384734  9.643271E-18
566.684580152672  2.550208E-17
567.454503920611  1.028885E-17
568.22442768855  -1.364475E-17
568.994351456489  -8.603419E-18
569.764275224428  -4.434671E-18
570.534198992367  -2.979244E-18
571.304122760306  8.324278E-18
572.074046528245  -1.019765E-18
572.843970296184  -1.863399E-17
573.613894064123  -1.084866E-17
574.383817832062  -1.919133E-18
575.153741600001  -6.681476E-18
575.92366536794  1.409666E-18
576.693589135879  1.802070E-18
577.463512903818  -8.509550E-18
578.233436671756  -1.673764E-17
579.003360439695  -8.373491E-18
579.773284207634  -7.175414E-18
580.543207975573  -6.059319E-18
581.313131743512  -6.010544E-18
582.083055511451  -7.936480E-18
582.85297927939  -7.969475E-18
583.622903047329  2.590951E-18
584.392826815268  8.643132E-18
585.162750583207  3.525450E-18
585.932674351146  2.547383E-17
586.702598119085  1.334053E-17
587.472521887024  2.737142E-18
588.242445654963  -3.831746E-18
589.012369422901  -1.755708E-17
589.78229319084  -1.287701E-17
590.552216958779  -1.423373E-17
591.322140726718  -1.071591E-17
592.092064494657  -1.079495E-17
592.861988262596  -1.659894E-17
593.631912030535  -8.190403E-18
594.401835798474  -1.083335E-17
595.171759566413  2.587024E-18
595.941683334352  1.046435E-17
596.711607102291  7.872151E-18
597.48153087023  1.757218E-17
598.251454638169  1.505908E-17
599.021378406108  1.600708E-17
599.791302174047  2.989271E-18
600.561225941985  7.299998E-18
601.331149709924  1.174663E-17
602.101073477863  -2.318348E-18
602.870997245802  -1.483966E-17
603.640921013741  -1.513663E-17
604.41084478168  -1.671419E-17
605.180768549619  -1.388566E-17
605.950692317558  -1.473890E-18
606.720616085497  -3.775931E-18
607.490539853436  -1.017282E-17
608.260463621375  -1.797567E-17
609.030387389314  -1.409524E-17
609.800311157253  -5.674040E-18
610.570234925192  -1.224726E-17
611.340158693131  -5.338854E-18
612.110082461069  5.969770E-18
612.880006229008  1.442127E-17
613.649929996947  -2.061229E-18
614.419853764886  1.049506E-17
615.189777532825  6.527962E-18
615.959701300764  -1.376828E-17
616.729625068703  -1.084043E-17
617.499548836642  -1.774351E-17
618.269472604581  -1.664067E-17
619.03939637252  -1.449949E-17
619.809320140459  -1.188932E-17
620.579243908398  3.953105E-18
621.349167676337  -9.133679E-18
622.119091444276  -2.144090E-17
622.889015212215  -1.010670E-17
623.658938980153  -1.559537E-17
624.428862748092  -2.389991E-17
625.198786516031  -2.283061E-17
625.96871028397  -1.473637E-17
626.738634051909  -1.329722E-17
627.508557819848  -5.408231E-18
628.278481587787  2.246971E-19
629.048405355726  -1.046918E-17
629.818329123665  -1.274041E-17
630.588252891604  -6.605808E-18
631.358176659543  5.522805E-18
632.128100427482  7.271043E-18
632.898024195421  3.320635E-18
633.66794796336  -8.892961E-18
634.437871731299  -3.110331E-18
635.207795499237  1.896228E-18
635.977719267176  -9.374776E-18
636.747643035115  -7.574351E-18
637.517566803054  -8.368227E-18
638.287490570993  -1.175908E-18
639.057414338932  8.351438E-18
639.827338106871  -1.479982E-17
640.59726187481  -3.500960E-18
641.367185642749  -4.581340E-19
642.137109410688  -2.699277E-18
642.907033178627  -1.471461E-17
643.676956946566  -1.652747E-17
644.446880714505  -1.777937E-17
645.216804482444  -1.737190E-17
645.986728250383  1.091985E-17
646.756652018321  -1.511265E-17
647.52657578626  -2.240311E-17
648.296499554199  -7.837134E-18
649.066423322138  -2.954074E-18
649.836347090077  2.014355E-17
650.606270858016  8.520733E-18
651.376194625955  -1.086503E-18
652.146118393894  2.170253E-18
652.916042161833  1.069716E-17
653.685965929772  -4.646343E-18
654.455889697711  1.018391E-17
655.22581346565  3.454912E-18
655.995737233589  -1.076935E-17
656.765661001528  -1.000140E-17
657.535584769467  -1.417631E-17
658.305508537405  -9.662119E-18
659.075432305344  -1.444812E-17
659.845356073283  -1.713600E-17
660.615279841222  4.619117E-18
661.385203609161  -1.572191E-18
662.1551273771  -1.262551E-17
662.925051145039  -3.070679E-18
663.694974912978  -5.370780E-18
664.464898680917  3.438480E-18
665.234822448856  -2.709313E-18
666.004746216795  4.948725E-18
666.774669984734  -6.210932E-18
667.544593752673  1.177631E-17
668.314517520612  4.940049E-18
669.084441288551  -8.354630E-19
669.854365056489  3.208667E-17
670.624288824428  1.360830E-17
671.394212592367  -1.454333E-18
672.164136360306  3.774013E-17
672.934060128245  -2.384622E-18
673.703983896184  -1.255295E-17
674.473907664123  1.217285E-17
675.243831432062  7.637173E-18
676.013755200001  6.100297E-18
676.78367896794  4.470559E-18
677.553602735879  6.476241E-18
678.323526503818  -4.201068E-18
679.093450271757  -1.577842E-17
679.863374039696  -7.626347E-18
680.633297807634  6.862820E-18
681.403221575573  -5.740261E-18
682.173145343512  6.403636E-18
682.943069111451  -3.491043E-18
683.71299287939  2.423473E-17
684.482916647329  1.150672E-17
685.252840415268  -6.238109E-18
686.022764183207  -9.179558E-19
686.792687951146  1.840661E-19
687.562611719085  -1.032512E-19
688.332535487024  8.643100E-19
689.102459254963  -8.432659E-18
689.872383022902  3.733632E-18
690.642306790841  7.248647E-19
691.412230558779  -1.016125E-17
692.182154326718  -1.214410E-18
692.952078094657  -4.183873E-18
693.722001862596  -1.083111E-17
694.491925630535  -1.965640E-17
695.261849398474  -1.400583E-17
696.031773166413  -7.518210E-18
696.801696934352  -2.324605E-18
697.571620702291  -3.817233E-18
698.34154447023  -8.617345E-18
699.111468238169  1.451901E-17
699.881392006108  -5.705542E-19
700.651315774047  -1.664371E-17
701.421239541986  -1.600211E-17
702.191163309925  -1.640250E-17
702.961087077864  -1.323813E-17
703.731010845802  -4.684556E-18
704.500934613741  -1.040775E-17
705.27085838168  3.632200E-18
706.040782149619  -1.288037E-17
706.810705917558  -1.644447E-17
707.580629685497  -1.802885E-17
708.350553453436  -1.751920E-17
709.120477221375  -1.304920E-17
709.890400989314  4.421237E-18
710.660324757253  8.538186E-18
711.430248525192  5.338994E-18
712.200172293131  -1.448194E-17
712.97009606107  -1.281370E-17
713.740019829009  9.354463E-18
714.509943596948  6.603876E-18
715.279867364887  -6.303353E-18
716.049791132825  -1.725675E-17
716.819714900764  -2.020436E-17
717.589638668703  -2.014317E-17
718.359562436642  5.675380E-18
719.129486204581  6.254884E-18
719.89940997252  -1.287866E-17
720.669333740459  -6.611658E-18
721.439257508398  -6.829139E-18
722.209181276337  -2.963821E-18
722.979105044276  -3.758513E-18
723.749028812215  -1.012700E-19
724.518952580154  2.354606E-17
725.288876348093  2.148576E-17
726.058800116032  1.093124E-17
726.82872388397  1.389099E-17
727.598647651909  2.967190E-18
728.368571419848  3.250261E-18
729.138495187787  1.529783E-17
729.908418955726  -3.573668E-18
730.678342723665  2.574425E-18
731.448266491604  -1.780541E-17
732.218190259543  -1.068271E-17
732.988114027482  1.552958E-17
733.758037795421  7.922068E-18
734.52796156336  -1.552228E-17
735.297885331299  -7.022980E-18
736.067809099237  -9.663283E-18
736.837732867177  -1.430180E-17
737.607656635115  9.265743E-19
738.377580403054  -6.651948E-18
739.147504170993  6.333882E-18
739.917427938932  -4.518946E-18
740.687351706871  -1.125936E-17
741.45727547481  2.013208E-17
742.227199242749  -5.920917E-18
742.997123010688  9.409360E-18
743.767046778627  -7.696507E-18
744.536970546566  -1.585448E-17
745.306894314505  4.974836E-19
746.076818082444  6.629799E-18
746.846741850383  -5.907796E-18
747.616665618321  1.029384E-17
748.386589386261  7.886811E-18
749.156513154199  1.114318E-17
749.926436922138  -3.880208E-18
750.696360690077  -7.027363E-18
751.466284458016  -8.978222E-18
752.236208225955  -1.718477E-17
753.006131993894  -8.067121E-18
753.776055761833  -4.905115E-18
754.545979529772  7.045277E-18
755.315903297711  7.951375E-18
756.08582706565  5.490398E-19
756.855750833589  1.618680E-17
757.625674601528  4.938815E-18
758.395598369467  -1.734118E-17
759.165522137405  -1.564318E-17
759.935445905345  -1.025311E-17
760.705369673283  -6.314638E-18
761.475293441222  -1.383736E-17
762.245217209161  -6.393317E-18
763.0151409771  -4.884275E-18
763.785064745039  -1.899994E-17
764.554988512978  -1.725551E-17
765.324912280917  -1.287750E-17
766.094836048856  -1.016927E-17
766.864759816795  -6.465012E-18
767.634683584734  -9.542808E-18
768.404607352673  -7.111463E-18
769.174531120612  2.282482E-17
769.944454888551  -4.464910E-18
770.714378656489  -4.901558E-19
771.484302424429  -1.474842E-17
772.254226192367  -5.004957E-19
773.024149960306  3.968157E-18
773.794073728245  -7.747724E-18
774.563997496184  -1.620522E-17
775.333921264123  -1.019108E-17
776.103845032062  8.692904E-18
776.873768800001  -3.721411E-18
777.64369256794  -2.561424E-18
778.413616335879  -2.407810E-18
779.183540103818  1.978517E-18
779.953463871757  -8.106739E-18
780.723387639696  -7.344306E-18
781.493311407635  -3.531687E-18
782.263235175573  -3.113201E-18
783.033158943513  -9.483256E-18
783.803082711451  -5.686360E-18
784.57300647939  -1.846610E-18
785.342930247329  -2.262142E-18
786.112854015268  4.311761E-18
786.882777783207  7.297187E-18
787.652701551146  -1.148600E-19
788.422625319085  -2.089019E-18
789.192549087024  5.632153E-18
789.962472854963  -4.299247E-18
790.732396622902  -1.577285E-17
791.502320390841  -1.061587E-17
792.27224415878  -2.125239E-18
793.042167926719  1.032868E-17
793.812091694657  1.309958E-17
794.582015462596  7.455192E-18
795.351939230535  -1.364797E-17
796.121862998474  -8.896177E-19
796.891786766413  2.411677E-18
797.661710534352  -8.084513E-18
798.431634302291  -1.017485E-17
799.20155807023  -1.562866E-17
799.971481838169  -1.576823E-17
800.741405606108  -1.073848E-17
801.511329374047  -1.803575E-17
802.281253141986  -1.192310E-17
803.051176909925  -1.864920E-17
803.821100677864  -2.032199E-17
804.591024445802  -1.677725E-17
805.360948213741  9.879681E-18
806.13087198168  1.217226E-18
806.900795749619  -1.058963E-17
807.670719517558  -1.438471E-17
808.440643285497  -6.018372E-18
809.210567053436  6.117066E-18
809.980490821375  2.669836E-17
810.750414589314  2.430658E-17
811.520338357253  -4.704084E-18
812.290262125192  -7.437983E-18
813.060185893131  1.444572E-17
813.83010966107  6.623375E-18
814.600033429009  -5.375628E-18
815.369957196948  1.161341E-17
816.139880964887  8.964320E-18
816.909804732825  -9.666651E-18
817.679728500764  -1.603454E-17
818.449652268703  -1.899558E-18
819.219576036642  -3.618007E-18
819.989499804581  -1.289427E-17
820.75942357252  1.232238E-19
821.529347340459  5.222502E-18
822.299271108398  1.642035E-19
823.069194876337  -1.223475E-17
823.839118644276  -1.545243E-17
824.609042412215  -6.214699E-18
825.378966180154  -7.204691E-18
826.148889948093  -8.645062E-19
826.918813716032  3.333022E-18
827.688737483971  -8.840435E-18
828.458661251909  1.470402E-18
829.228585019848  -5.203865E-18
829.998508787787  8.378812E-18
830.768432555726  2.742285E-18
831.538356323665  -6.199645E-18
832.308280091604  -9.559125E-20
833.078203859543  -7.201729E-18
833.848127627482  -3.574140E-18
834.618051395421  -5.226849E-18
835.38797516336  9.046467E-19
836.157898931299  -4.688077E-19
836.927822699238  -8.421545E-18
837.697746467176  1.573080E-17
838.467670235115  2.888408E-18
839.237594003054  -1.036334E-17
840.007517770993  1.316033E-17
840.777441538932  3.579333E-18
841.547365306871  4.309797E-18
842.31728907481  6.466746E-18
843.087212842749  -3.645714E-18
843.857136610688  4.595259E-19
844.627060378627  -2.493479E-18
845.396984146566  5.119226E-19
846.166907914505  4.900113E-18
846.936831682444  -1.270752E-17
847.706755450383  -2.315260E-17
848.476679218322  -2.168015E-17
849.246602986261  -1.201537E-17
850.0165267542  8.474998E-18
850.786450522138  6.714215E-18
851.556374290077  8.075629E-18
852.326298058016  1.358413E-17
853.096221825955  6.224949E-18
853.866145593894  8.891728E-18
854.636069361833  5.402437E-18
855.405993129772  2.463418E-18
856.175916897711  4.520284E-18
856.94584066565  1.808791E-17
857.715764433589  2.404313E-17
858.485688201528  3.460097E-18
859.255611969467  1.531332E-17
860.025535737406  2.475883E-17
860.795459505345  1.966332E-18
861.565383273284  -4.443451E-18
862.335307041223  -5.345577E-18
863.105230809161  1.568647E-17
863.8751545771  -2.379625E-18
864.645078345039  -4.719455E-18
865.415002112978  -3.655271E-18
866.184925880917  1.996303E-19
866.954849648856  -1.227349E-17
867.724773416795  -3.594489E-18
868.494697184734  2.695422E-17
869.264620952673  -6.920556E-18
870.034544720612  -8.644317E-18
870.804468488551  4.408390E-18
871.57439225649  2.073170E-17
872.344316024429  1.411402E-17
873.114239792367  -3.535410E-18
873.884163560306  -1.603100E-17
874.654087328245  -1.150223E-18
875.424011096184  -3.819486E-18
876.193934864123  1.249034E-18
876.963858632062  -2.173764E-18
877.733782400001  -8.624451E-18
878.50370616794  -5.059898E-18
879.273629935879  -1.114452E-17
880.043553703818  -1.772954E-17
880.813477471757  -2.825014E-18
881.583401239696  -4.760273E-18
882.353325007635  -1.078332E-17
883.123248775574  -3.019113E-18
883.893172543513  -1.021571E-17
884.663096311452  -1.147212E-17
885.433020079391  2.406127E-18
886.202943847329  9.391186E-19
886.972867615268  -3.626900E-18
887.742791383207  -2.984297E-19
888.512715151146  -7.307744E-18
889.282638919085  -8.447150E-18
890.052562687024  -7.259571E-18
890.822486454963  -7.077845E-18
891.592410222902  -1.195792E-17
892.362333990841  -8.365005E-18
893.13225775878  7.382494E-18
893.902181526719  -5.002386E-19
894.672105294658  6.212669E-18
895.442029062597  -1.609619E-17
896.211952830535  -1.497231E-17
896.981876598474  5.504666E-19
897.751800366413  -1.554434E-17
898.521724134352  -1.884927E-17
899.291647902291  -1.472927E-17
900.06157167023  1.591685E-17
900.831495438169  2.794062E-18
901.601419206108  4.243381E-19
902.371342974047  2.000326E-17
903.141266741986  6.481238E-18
903.911190509925  1.117851E-17
904.681114277864  4.570569E-18
905.451038045803  2.317077E-17
906.220961813742  1.241249E-17
906.99088558168  -1.416997E-18
907.760809349619  -1.134871E-17
908.530733117558  -7.761489E-18
909.300656885497  6.020321E-18
910.070580653436  3.223765E-18
910.840504421375  -3.137253E-18
911.610428189314  1.544799E-17
912.380351957253  1.865898E-18
913.150275725192  -5.493231E-17
913.920199493131  1.517205E-16
914.69012326107  -8.871298E-16
915.460047029009  -2.481235E-14
916.229970796948  2.023121E-14
916.999894564887  3.249768E-14
917.769818332826  -1.425592E-14
918.539742100765  -6.394737E-15
919.309665868703  -4.695009E-15
920.079589636642  1.981969E-14
920.849513404581  -1.538254E-15
921.61943717252  -1.369302E-15
922.389360940459  -2.184352E-14
923.159284708398  -1.836504E-14
923.929208476337  3.489103E-15
924.699132244276  2.483346E-14
925.469056012215  9.950523E-15
926.238979780154  8.496490E-15
927.008903548093  -1.042843E-14
927.778827316032  1.317834E-14
928.548751083971  1.218209E-14
929.31867485191  1.657833E-14
930.088598619848  -1.422749E-14
930.858522387787  -4.111999E-15
931.628446155726  2.117176E-14
932.398369923665  2.666555E-15
933.168293691604  4.094848E-14
933.938217459543  4.115140E-14
934.708141227482  1.131270E-14
935.478064995421  2.200426E-14
936.24798876336  3.659902E-14
937.017912531299  3.882038E-14
937.787836299238  3.720646E-14
938.557760067177  1.186384E-14
939.327683835116  2.329978E-14
940.097607603055  2.231499E-14
940.867531370994  3.980265E-14
941.637455138932  2.364100E-14
942.407378906871  1.122652E-14
943.17730267481  2.056615E-14
943.947226442749  2.845063E-14
944.717150210688  1.674416E-14
945.487073978627  2.042879E-14
946.256997746566  4.875254E-14
947.026921514505  2.770199E-14
947.796845282444  5.750995E-15
948.566769050383  6.767699E-15
949.336692818322  2.009870E-14
950.106616586261  3.243002E-14
950.8765403542  1.769955E-14
951.646464122139  1.696809E-14
952.416387890078  -3.355822E-16
953.186311658016  2.329760E-15
953.956235425955  1.659224E-14
954.726159193894  2.350453E-14
955.496082961833  2.070603E-14
956.266006729772  1.441436E-14
957.035930497711  2.266522E-14
957.80585426565  3.354431E-14
958.575778033589  2.468410E-15
959.345701801528  2.100507E-14
960.115625569467  1.845089E-14
960.885549337406  1.274582E-14
961.655473105345  5.404436E-14
962.425396873284  3.712264E-14
963.195320641223  1.182455E-14
963.965244409162  1.243203E-14
964.7351681771  5.849857E-15
965.505091945039  1.158124E-14
966.275015712978  2.421395E-14
967.044939480917  1.214073E-14
967.814863248856  1.289133E-15
968.584787016795  2.818546E-14
969.354710784734  4.026069E-14
970.124634552673  1.377957E-14
970.894558320612  -6.792046E-16
971.664482088551  1.234224E-14
972.43440585649  3.975064E-14
973.204329624429  3.402998E-14
973.974253392368  7.635540E-15
974.744177160307  -3.941272E-15
975.514100928246  9.227974E-15
976.284024696184  1.687032E-14
977.053948464123  3.228479E-14
977.823872232062  3.464877E-14
978.593796000001  3.354746E-14
979.36371976794  3.608287E-14
980.133643535879  3.168386E-14
980.903567303818  4.511392E-14
981.673491071757  3.057868E-14
982.443414839696  1.964531E-14
983.213338607635  3.723023E-14
983.983262375574  3.833990E-14
984.753186143513  6.108389E-14
985.523109911452  4.522659E-14
986.293033679391  -5.364557E-16
987.06295744733  -3.168732E-15
987.832881215268  1.671296E-14
988.602804983207  1.991718E-14
989.372728751146  1.747089E-14
990.142652519085  8.454597E-15
990.912576287024  2.540955E-14
991.682500054963  2.121488E-14
992.452423822902  2.051650E-14
993.222347590841  1.946151E-14
993.99227135878  4.224936E-14
994.762195126719  -1.389936E-14
995.532118894658  -2.015908E-14
996.302042662597  -4.557384E-15
997.071966430535  1.867643E-14
997.841890198474  5.219549E-14
998.611813966413  4.988010E-14
999.381737734352  3.442198E-14
1000.15166150229  4.377461E-14
1000.92158527023  1.050540E-14
1001.69150903817  -1.461331E-14
1002.46143280611  -1.409209E-15
1003.23135657405  1.103162E-14
1004.00128034199  3.625063E-14
1004.77120410992  3.392283E-15
1005.54112787786  -1.678473E-14
1006.3110516458  1.854780E-14
1007.08097541374  3.943135E-14
1007.85089918168  1.303847E-14
1008.62082294962  -3.243558E-15
1009.39074671756  6.879435E-17
1010.1606704855  2.589313E-17
1010.93059425344  8.622155E-16
1011.70051802138  1.295628E-14
1012.47044178931  1.737192E-14
1013.24036555725  9.103241E-15
1014.01028932519  2.113211E-14
1014.78021309313  1.984317E-14
1015.55013686107  2.127391E-15
1016.32006062901  1.264228E-14
1017.08998439695  1.997323E-14
1017.85990816489  1.208359E-14
1018.62983193283  2.979419E-14
1019.39975570076  5.522838E-14
1020.1696794687  1.653408E-14
1020.93960323664  2.433750E-14
1021.70952700458  4.114845E-14
1022.47945077252  3.644035E-14
1023.24937454046  4.874582E-14
1024.0192983084  8.927098E-14
1024.78922207634  7.249404E-14
1025.55914584428  3.304239E-14
1026.32906961222  3.366106E-14
1027.09899338015  9.873301E-15
1027.86891714809  1.707255E-14
1028.63884091603  2.697334E-14
1029.40876468397  4.997910E-15
1030.17868845191  -1.276345E-16
1030.94861221985  2.646052E-15
1031.71853598779  8.777372E-15
1032.48845975573  2.747344E-14
1033.25838352367  2.766873E-14
1034.0283072916  3.398799E-14
1034.79823105954  2.815826E-14
1035.56815482748  1.276582E-14
1036.33807859542  8.418488E-15
1037.10800236336  1.692228E-14
1037.8779261313  4.070867E-14
1038.64784989924  4.082851E-14
1039.41777366718  4.803584E-14
1040.18769743512  3.680866E-14
1040.95762120305  2.121402E-14
1041.72754497099  5.482468E-14
1042.49746873893  3.558703E-14
1043.26739250687  4.262144E-15
1044.03731627481  3.965706E-14
1044.80724004275  4.349537E-14
1045.57716381069  1.510720E-14
1046.34708757863  4.192578E-15
1047.11701134657  1.006373E-14
1047.88693511451  2.468543E-14
1048.65685888244  1.536304E-14
1049.42678265038  3.183298E-14
1050.19670641832  6.163191E-14
1050.96663018626  2.506611E-14
1051.7365539542  1.555337E-14
1052.50647772214  1.448229E-14
1053.27640149008  2.693707E-14
1054.04632525802  7.853772E-15
1054.81624902596  1.554741E-14
1055.58617279389  4.484705E-14
1056.35609656183  3.536254E-14
1057.12602032977  5.055853E-14
1057.89594409771  3.547244E-14
1058.66586786565  2.289979E-14
1059.43579163359  5.509840E-15
1060.20571540153  5.926764E-15
1060.97563916947  2.783307E-14
1061.74556293741  2.429229E-14
1062.51548670535  1.498672E-14
1063.28541047328  -2.802060E-15
1064.05533424122  6.442680E-16
1064.82525800916  1.847402E-14
1065.5951817771  1.935541E-14
1066.36510554504  6.614972E-15
1067.13502931298  2.819617E-15
1067.90495308092  3.243028E-14
1068.67487684886  2.514320E-14
1069.4448006168  1.837453E-14
1070.21472438473  2.648267E-14
1070.98464815267  3.544581E-14
1071.75457192061  2.028533E-14
1072.52449568855  1.730086E-14
1073.29441945649  3.736699E-14
1074.06434322443  2.834123E-14
1074.83426699237  1.175326E-14
1075.60419076031  1.408658E-14
1076.37411452825  1.660991E-14
1077.14403829618  2.168234E-14
1077.91396206412  2.201312E-14
1078.68388583206  1.229518E-14
1079.4538096  1.920210E-14
1080.22373336794  2.155753E-14
1080.99365713588  1.097747E-14
1081.76358090382  2.195939E-14
1082.53350467176  2.031341E-14
1083.3034284397  1.278811E-14
1084.07335220764  1.952943E-14
1084.84327597557  2.216803E-14
1085.61319974351  2.889123E-14
1086.38312351145  3.391603E-14
1087.15304727939  3.155066E-14
1087.92297104733  2.743587E-14
1088.69289481527  2.440974E-14
1089.46281858321  2.275031E-14
1090.23274235115  2.685942E-14
1091.00266611909  3.169986E-14
1091.77258988702  3.277606E-14
1092.54251365496  2.934238E-14
1093.3124374229  4.062078E-14
1094.08236119084  3.617957E-14
1094.85228495878  3.289263E-14
1095.62220872672  2.404030E-14
1096.39213249466  2.119798E-14
1097.1620562626  1.909575E-14
1097.93198003054  2.283909E-14
1098.70190379847  2.244315E-14
1099.47182756641  2.458374E-14
1100.24175133435  2.525195E-14
1101.01167510229  2.446727E-14
1101.78159887023  2.755120E-14
1102.55152263817  3.069312E-14
1103.32144640611  3.015103E-14
1104.09137017405  2.832730E-14
1104.86129394199  3.123812E-14
1105.63121770993  2.689397E-14
1106.40114147786  2.364747E-14
1107.1710652458  2.825386E-14
1107.94098901374  2.565522E-14
1108.71091278168  2.454563E-14
1109.48083654962  2.735225E-14
1110.25076031756  2.461566E-14
1111.0206840855  1.934874E-14
1111.79060785344  1.732284E-14
1112.56053162138  2.098665E-14
1113.33045538931  2.146018E-14
1114.10037915725  2.202285E-14
1114.87030292519  2.414920E-14
1115.64022669313  2.481720E-14
1116.41015046107  2.619699E-14
1117.18007422901  2.474684E-14
1117.94999799695  2.459575E-14
1118.71992176489  2.438750E-14
1119.48984553283  2.649617E-14
1120.25976930077  2.669451E-14
1121.0296930687  2.374278E-14
1121.79961683664  1.842808E-14
1122.56954060458  1.884215E-14
1123.33946437252  2.131956E-14
1124.10938814046  2.148903E-14
1124.8793119084  1.939665E-14
1125.64923567634  2.236476E-14
1126.41915944428  1.967906E-14
1127.18908321222  1.951205E-14
1127.95900698015  2.229826E-14
1128.72893074809  2.351204E-14
1129.49885451603  2.719092E-14
1130.26877828397  2.585542E-14
1131.03870205191  2.511252E-14
1131.80862581985  2.241419E-14
1132.57854958779  2.039046E-14
1133.34847335573  1.638527E-14
1134.11839712367  1.406400E-14
1134.8883208916  1.429510E-14
1135.65824465954  1.950995E-14
1136.42816842748  2.404681E-14
1137.19809219542  2.609334E-14
1137.96801596336  2.823961E-14
1138.7379397313  2.741965E-14
1139.50786349924  2.492873E-14
1140.27778726718  2.412885E-14
1141.04771103512  2.481354E-14
1141.81763480305  2.649495E-14
1142.58755857099  2.584769E-14
1143.35748233893  2.118611E-14
1144.12740610687  1.815665E-14
1144.89732987481  1.979640E-14
1145.66725364275  2.332175E-14
1146.43717741069  2.471327E-14
1147.20710117863  2.624321E-14
1147.97702494657  2.818903E-14
1148.74694871451  2.917550E-14
1149.51687248244  2.710375E-14
1150.28679625038  2.515642E-14
1151.05672001832  2.367788E-14
1151.82664378626  2.215010E-14
1152.5965675542  2.478640E-14
1153.36649132214  2.180338E-14
1154.13641509008  1.883171E-14
1154.90633885802  2.232289E-14
1155.67626262596  2.538192E-14
1156.44618639389  2.908814E-14
1157.21611016183  2.805219E-14
1157.98603392977  2.470526E-14
1158.75595769771  2.675982E-14
1159.52588146565  2.531938E-14
1160.29580523359  2.276910E-14
1161.06572900153  2.525721E-14
1161.83565276947  2.659894E-14
1162.60557653741  2.624216E-14
1163.37550030535  2.737345E-14
1164.14542407328  2.526794E-14
1164.91534784122  2.208874E-14
1165.68527160916  2.366979E-14
1166.4551953771  2.497202E-14
1167.22511914504  2.268268E-14
1167.99504291298  2.264911E-14
1168.76496668092  2.388838E-14
1169.53489044886  2.369652E-14
1170.3048142168  2.328790E-14
1171.07473798473  2.483353E-14
1171.84466175267  2.101146E-14
1172.61458552061  1.488722E-14
1173.38450928855  1.565654E-14
1174.15443305649  1.768878E-14
1174.92435682443  1.899900E-14
1175.69428059237  1.798297E-14
1176.46420436031  1.703175E-14
1177.23412812825  1.879383E-14
1178.00405189619  2.031387E-14
1178.77397566412  2.679793E-14
1179.54389943206  2.856203E-14
1180.3138232  2.316668E-14
1181.08374696794  2.292925E-14
1181.85367073588  2.051156E-14
1182.62359450382  2.362217E-14
1183.39351827176  2.089077E-14
1184.1634420397  2.016165E-14
1184.93336580764  2.298596E-14
1185.70328957557  2.141228E-14
1186.47321334351  1.983574E-14
1187.24313711145  1.949057E-14
1188.01306087939  1.869091E-14
1188.78298464733  2.427170E-14
1189.55290841527  1.666686E-14
1190.32283218321  1.960391E-15
1191.09275595115  -4.671408E-16
1191.86267971909  8.271273E-17
1192.63260348702  0.
1193.40252725496  0.
1194.1724510229  0.
1194.94237479084  0.
1195.71229855878  0.
1196.48222232672  0.
1197.25214609466  0.
1198.0220698626  0.
1198.79199363054  0.
1199.56191739847  0.
1200.33184116641  0.
1201.10176493435  0.
1201.87168870229  0.
1202.64161247023  0.
1203.41153623817  0.
1204.18146000611  0.
1204.95138377405  0.
1205.72130754199  0.
1206.49123130993  0.
1207.26115507786  0.
1208.0310788458  0.
1208.80100261374  0.
1209.57092638168  0.
1210.34085014962  0.
1211.11077391756  0.
1211.8806976855  0.
1212.65062145344  0.
1213.42054522138  0.
1214.19046898931  0.
1214.96039275725  0.
1215.73031652519  0.
1216.50024029313  0.
1217.27016406107  0.
1218.04008782901  0.
1218.81001159695  0.
1219.57993536489  0.
1220.34985913283  0.
1221.11978290077  0.
1221.8897066687  0.
1222.65963043664  0.
1223.42955420458  0.
1224.19947797252  0.
1224.96940174046  0.
1225.7393255084  0.
1226.50924927634  0.
1227.27917304428  0.
1228.04909681222  0.
1228.81902058015  0.
1229.58894434809  0.
1230.35886811603  0.
1231.12879188397  0.
1231.89871565191  0.
1232.66863941985  0.
1233.43856318779  0.
1234.20848695573  0.
1234.97841072367  0.
1235.7483344916  0.
1236.51825825954  0.
1237.28818202748  0.
1238.05810579542  0.
1238.82802956336  0.
1239.5979533313  0.
1240.36787709924  0.
1241.13780086718  0.
1241.90772463512  0.
1242.67764840306  0.
1243.44757217099  0.
1244.21749593893  0.
1244.98741970687  0.
1245.75734347481  0.
1246.52726724275  0.
1247.29719101069  0.
1248.06711477863  0.
1248.83703854657  0.
1249.60696231451  0.
1250.37688608244  0.
1251.14680985038  0.
1251.91673361832  0.
1252.68665738626  0.
1253.4565811542  0.
1254.22650492214  0.
1254.99642869008  0.
1255.76635245802  0.
1256.53627622596  0.
1257.30619999389  0.
1258.07612376183  0.
1258.84604752977  0.
1259.61597129771  0.
1260.38589506565  0.
1261.15581883359  1.208970E-17
1261.92574260153  1.423157E-14
1262.69566636947  2.437697E-14
1263.46559013741  2.240012E-14
1264.23551390535  2.280084E-14
1265.00543767328  2.462050E-14
1265.77536144122  2.319007E-14
1266.54528520916  2.239258E-14
1267.3152089771  2.730772E-14
1268.08513274504  2.703725E-14
1268.85505651298  2.438392E-14
1269.62498028092  2.697225E-14
1270.39490404886  2.179902E-14
1271.1648278168  2.030951E-14
1271.93475158473  2.075776E-14
1272.70467535267  1.846554E-14
1273.47459912061  2.318789E-14
1274.24452288855  2.782299E-14
1275.01444665649  2.562953E-14
1275.78437042443  2.593867E-14
1276.55429419237  2.193772E-14
1277.32421796031  2.266577E-14
1278.09414172825  2.524412E-14
1278.86406549619  2.520724E-14
1279.63398926412  2.151797E-14
1280.40391303206  2.369842E-14
1281.1738368  2.909571E-14
1281.94376056794  2.673455E-14
1282.71368433588  2.535754E-14
1283.48360810382  2.272044E-14
1284.25353187176  2.244477E-14
1285.0234556397  2.405005E-14
1285.79337940764  2.299813E-14
1286.56330317557  2.218571E-14
1287.33322694351  2.430891E-14
1288.10315071145  2.483711E-14
1288.87307447939  2.558488E-14
1289.64299824733  2.759991E-14
1290.41292201527  2.603105E-14
1291.18284578321  2.478573E-14
1291.95276955115  2.525126E-14
1292.72269331909  2.560783E-14
1293.49261708702  2.334373E-14
1294.26254085496  2.412489E-14
1295.0324646229  2.605084E-14
1295.80238839084  2.703273E-14
1296.57231215878  2.512679E-14
1297.34223592672  2.936542E-14
1298.11215969466  3.112005E-14
1298.8820834626  2.928611E-14
1299.65200723054  3.164454E-14
1300.42193099848  3.089658E-14
1301.19185476641  4.134188E-14
1301.96177853435  5.377784E-14
1302.73170230229  5.966857E-14
1303.50162607023  7.228869E-14
1304.27154983817  6.339216E-14
1305.04147360611  5.118120E-14
1305.81139737405  4.915982E-14
1306.58132114199  4.395428E-14
1307.35124490993  3.750843E-14
1308.12116867786  3.269332E-14
1308.8910924458  3.055805E-14
1309.66101621374  2.786518E-14
1310.43093998168  2.537072E-14
1311.20086374962  2.692225E-14
1311.97078751756  2.602552E-14
1312.7407112855  2.573288E-14
1313.51063505344  2.673853E-14
1314.28055882138  2.523924E-14
1315.05048258931  2.100744E-14
1315.82040635725  2.237790E-14
1316.59033012519  2.233788E-14
1317.36025389313  2.138947E-14
1318.13017766107  2.177376E-14
1318.90010142901  2.379834E-14
1319.67002519695  2.393011E-14
1320.43994896489  2.550333E-14
1321.20987273283  2.439683E-14
1321.97979650077  2.452125E-14
1322.7497202687  2.430902E-14
1323.51964403664  2.589811E-14
1324.28956780458  2.513380E-14
1325.05949157252  2.451177E-14
1325.82941534046  2.405603E-14
1326.5993391084  2.531297E-14
1327.36926287634  2.521861E-14
1328.13918664428  2.198460E-14
1328.90911041222  2.350222E-14
1329.67903418015  2.415305E-14
1330.44895794809  2.065850E-14
1331.21888171603  2.055310E-14
1331.98880548397  2.026975E-14
1332.75872925191  1.729700E-14
1333.52865301985  1.308673E-14
1334.29857678779  1.141965E-14
1335.06850055573  1.176131E-14
1335.83842432367  1.545220E-14
1336.6083480916  1.781725E-14
1337.37827185954  2.038894E-14
1338.14819562748  2.236965E-14
1338.91811939542  2.213939E-14
1339.68804316336  2.353781E-14
1340.4579669313  2.330416E-14
1341.22789069924  2.213267E-14
1341.99781446718  2.172019E-14
1342.76773823512  2.366624E-14
1343.53766200306  2.165959E-14
1344.30758577099  2.238481E-14
1345.07750953893  2.410334E-14
1345.84743330687  2.305605E-14
1346.61735707481  2.272837E-14
1347.38728084275  2.344674E-14
1348.15720461069  2.350997E-14
1348.92712837863  2.261661E-14
1349.69705214657  2.271346E-14
1350.46697591451  2.352641E-14
1351.23689968244  2.331839E-14
1352.00682345038  2.303910E-14
1352.77674721832  2.406529E-14
1353.54667098626  2.480020E-14
1354.3165947542  2.308147E-14
1355.08651852214  2.365908E-14
1355.85644229008  2.447875E-14
1356.62636605802  2.421376E-14
1357.39628982596  2.171471E-14
1358.16621359389  2.274235E-14
1358.93613736183  2.300823E-14
1359.70606112977  2.368453E-14
1360.47598489771  2.409389E-14
1361.24590866565  2.422291E-14
1362.01583243359  2.154159E-14
1362.78575620153  1.953917E-14
1363.55567996947  2.222241E-14
1364.32560373741  2.190064E-14
1365.09552750535  2.248409E-14
1365.86545127328  2.305574E-14
1366.63537504122  2.165530E-14
1367.40529880916  2.141155E-14
1368.1752225771  2.002496E-14
1368.94514634504  2.130640E-14
1369.71507011298  2.111412E-14
1370.48499388092  1.951789E-14
1371.25491764886  2.112738E-14
1372.0248414168  2.120099E-14
1372.79476518473  2.184062E-14
1373.56468895267  2.239801E-14
1374.33461272061  2.187491E-14
1375.10453648855  2.281927E-14
1375.87446025649  2.226471E-14
1376.64438402443  2.128291E-14
1377.41430779237  2.221074E-14
1378.18423156031  2.220269E-14
1378.95415532825  2.378009E-14
1379.72407909618  2.382964E-14
1380.49400286412  2.194834E-14
1381.26392663206  2.306475E-14
1382.0338504  2.400799E-14
1382.80377416794  2.253177E-14
1383.57369793588  2.163084E-14
1384.34362170382  2.077948E-14
1385.11354547176  1.999984E-14
1385.8834692397  1.828943E-14
1386.65339300764  1.961002E-14
1387.42331677557  1.906064E-14
1388.19324054351  1.768667E-14
1388.96316431145  1.917301E-14
1389.73308807939  2.123958E-14
1390.50301184733  2.160120E-14
1391.27293561527  1.937604E-14
1392.04285938321  1.747630E-14
1392.81278315115  1.715997E-14
1393.58270691909  1.609924E-14
1394.35263068702  1.621005E-14
1395.12255445496  1.920185E-14
1395.8924782229  2.104828E-14
1396.66240199084  1.937769E-14
1397.43232575878  2.104838E-14
1398.20224952672  2.145762E-14
1398.97217329466  2.008818E-14
1399.7420970626  2.290528E-14
1400.51202083054  2.122944E-14
1401.28194459848  1.939658E-14
1402.05186836641  1.715475E-14
1402.82179213435  1.807110E-14
1403.59171590229  1.850685E-14
1404.36163967023  2.120280E-14
1405.13156343817  2.343908E-14
1405.90148720611  2.315088E-14
1406.67141097405  2.311298E-14
1407.44133474199  2.045549E-14
1408.21125850993  2.191702E-14
1408.98118227786  2.166218E-14
1409.7511060458  1.992709E-14
1410.52102981374  2.154458E-14
1411.29095358168  2.276155E-14
1412.06087734962  2.374527E-14
1412.83080111756  2.526104E-14
1413.6007248855  2.437317E-14
1414.37064865344  2.091085E-14
1415.14057242138  1.983282E-14
1415.91049618931  2.161455E-14
1416.68041995725  2.179060E-14
1417.45034372519  2.070094E-14
1418.22026749313  2.052144E-14
1418.99019126107  2.004142E-14
1419.76011502901  1.922084E-14
1420.53003879695  1.831939E-14
1421.29996256489  2.090271E-14
1422.06988633283  2.352475E-14
1422.83981010077  2.223330E-14
1423.6097338687  2.422172E-14
1424.37965763664  2.446610E-14
1425.14958140458  2.251880E-14
1425.91950517252  1.924817E-14
1426.68942894046  2.029455E-14
1427.4593527084  2.049185E-14
1428.22927647634  1.986925E-14
1428.99920024428  2.000672E-14
1429.76912401222  1.959141E-14
1430.53904778015  1.969647E-14
1431.30897154809  2.048684E-14
1432.07889531603  2.132459E-14
1432.84881908397  2.297931E-14
1433.61874285191  2.188565E-14
1434.38866661985  2.218283E-14
1435.15859038779  2.603797E-14
1435.92851415573  2.348995E-14
1436.69843792367  2.289011E-14
1437.4683616916  2.343066E-14
1438.23828545954  2.230609E-14
1439.00820922748  2.342956E-14
1439.77813299542  2.125109E-14
1440.54805676336  1.949401E-14
1441.3179805313  2.224248E-14
1442.08790429924  2.380285E-14
1442.85782806718  2.102858E-14
1443.62775183512  1.958576E-14
1444.39767560306  1.963207E-14
1445.16759937099  1.970124E-14
1445.93752313893  2.165014E-14
1446.70744690687  2.070409E-14
1447.47737067481  1.796938E-14
1448.24729444275  1.941678E-14
1449.01721821069  2.104283E-14
1449.78714197863  2.271786E-14
1450.55706574657  2.077053E-14
1451.32698951451  2.019716E-14
1452.09691328244  2.145284E-14
1452.86683705038  1.940854E-14
1453.63676081832  1.941058E-14
1454.40668458626  2.013297E-14
1455.1766083542  1.811076E-14
1455.94653212214  1.844934E-14
1456.71645589008  1.819936E-14
1457.48637965802  1.606086E-14
1458.25630342596  1.989472E-14
1459.0262271939  1.893588E-14
1459.79615096183  1.824714E-14
1460.56607472977  1.965503E-14
1461.33599849771  2.059257E-14
1462.10592226565  2.061933E-14
1462.87584603359  2.070259E-14
1463.64576980153  1.965824E-14
1464.41569356947  2.089658E-14
1465.18561733741  2.159933E-14
1465.95554110535  1.832801E-14
1466.72546487328  1.935704E-14
1467.49538864122  2.293719E-14
1468.26531240916  2.012422E-14
1469.0352361771  2.320087E-14
1469.80515994504  2.352996E-14
1470.57508371298  2.232021E-14
1471.34500748092  2.167656E-14
1472.11493124886  1.936889E-14
1472.8848550168  2.174088E-14
1473.65477878473  2.165700E-14
1474.42470255267  1.812079E-14
1475.19462632061  2.061292E-14
1475.96455008855  2.132254E-14
1476.73447385649  2.032363E-14
1477.50439762443  2.207536E-14
1478.27432139237  1.941453E-14
1479.04424516031  2.053992E-14
1479.81416892825  2.138742E-14
1480.58409269618  2.000874E-14
1481.35401646412  1.976718E-14
1482.12394023206  2.138485E-14
1482.893864  2.134439E-14
1483.66378776794  2.134067E-14
1484.43371153588  2.109637E-14
1485.20363530382  2.040017E-14
1485.97355907176  2.607031E-14
1486.7434828397  2.260508E-14
1487.51340660764  2.086014E-14
1488.28333037557  1.980516E-14
1489.05325414351  2.046331E-14
1489.82317791145  2.180463E-14
1490.59310167939  2.118682E-14
1491.36302544733  2.080226E-14
1492.13294921527  2.367921E-14
1492.90287298321  2.310286E-14
1493.67279675115  2.041413E-14
1494.44272051909  1.956461E-14
1495.21264428702  2.018479E-14
1495.98256805496  2.272397E-14
1496.7524918229  2.306411E-14
1497.52241559084  2.155477E-14
1498.29233935878  1.998426E-14
1499.06226312672  2.255728E-14
1499.83218689466  2.161869E-14
1500.6021106626  1.925727E-14
1501.37203443054  1.873168E-14
1502.14195819848  2.080548E-14
1502.91188196641  2.131079E-14
1503.68180573435  1.746401E-14
1504.45172950229  1.910722E-14
1505.22165327023  2.382899E-14
1505.99157703817  2.264916E-14
1506.76150080611  2.143557E-14
1507.53142457405  2.338575E-14
1508.30134834199  2.232519E-14
1509.07127210993  2.074089E-14
1509.84119587786  2.212400E-14
1510.6111196458  2.020925E-14
1511.38104341374  2.065676E-14
1512.15096718168  2.014214E-14
1512.92089094962  2.001828E-14
1513.69081471756  2.012170E-14
1514.4607384855  1.977603E-14
1515.23066225344  2.041692E-14
1516.00058602138  1.958170E-14
1516.77050978932  2.052874E-14
1517.54043355725  2.128700E-14
1518.31035732519  2.114839E-14
1519.08028109313  2.201932E-14
1519.85020486107  2.175821E-14
1520.62012862901  2.053662E-14
1521.39005239695  2.268405E-14
1522.15997616489  2.390613E-14
1522.92989993283  1.980086E-14
1523.69982370077  1.792279E-14
1524.4697474687  1.742732E-14
1525.23967123664  1.559558E-14
1526.00959500458  1.440087E-14
1526.77951877252  1.396784E-14
1527.54944254046  1.557763E-14
1528.3193663084  1.920383E-14
1529.08929007634  1.818736E-14
1529.85921384428  1.842471E-14
1530.62913761222  1.870930E-14
1531.39906138015  1.654267E-14
1532.16898514809  1.691188E-14
1532.93890891603  1.714019E-14
1533.70883268397  1.534536E-14
1534.47875645191  1.594433E-14
1535.24868021985  1.582115E-14
1536.01860398779  1.411520E-14
1536.78852775573  1.343740E-14
1537.55845152367  1.153818E-14
1538.3283752916  9.455523E-15
1539.09829905954  9.167430E-15
1539.86822282748  1.070833E-14
1540.63814659542  1.038756E-14
1541.40807036336  1.165910E-14
1542.1779941313  1.140180E-14
1542.94791789924  1.015904E-14
1543.71784166718  1.312864E-14
1544.48776543512  1.404539E-14
1545.25768920306  1.411924E-14
1546.02761297099  1.205348E-14
1546.79753673893  1.382035E-14
1547.56746050687  1.191240E-14
1548.33738427481  1.174371E-14
1549.10730804275  1.410148E-14
1549.87723181069  1.718980E-14
1550.64715557863  1.921666E-14
1551.41707934657  2.157875E-14
1552.18700311451  2.398131E-14
1552.95692688244  2.578361E-14
1553.72685065038  2.531024E-14
1554.49677441832  2.354000E-14
1555.26669818626  2.419705E-14
1556.0366219542  2.563847E-14
1556.80654572214  2.469273E-14
1557.57646949008  2.234516E-14
1558.34639325802  2.136037E-14
1559.11631702596  2.156100E-14
1559.8862407939  2.155353E-14
1560.65616456183  2.269026E-14
1561.42608832977  2.040634E-14
1562.19601209771  1.800559E-14
1562.96593586565  2.141590E-14
1563.73585963359  2.230366E-14
1564.50578340153  1.902412E-14
1565.27570716947  1.963564E-14
1566.04563093741  2.076749E-14
1566.81555470535  2.246533E-14
1567.58547847328  1.617943E-14
1568.35540224122  1.836799E-14
1569.12532600916  1.930812E-14
1569.8952497771  2.128577E-14
1570.66517354504  2.115837E-14
1571.43509731298  1.911980E-14
1572.20502108092  2.016302E-14
1572.97494484886  2.044974E-14
1573.7448686168  2.071085E-14
1574.51479238473  1.984866E-14
1575.28471615267  1.791814E-14
1576.05463992061  1.829498E-14
1576.82456368855  1.936193E-14
1577.59448745649  1.777333E-14
1578.36441122443  1.663118E-14
1579.13433499237  1.783406E-14
1579.90425876031  1.746301E-14
1580.67418252825  1.926375E-14
1581.44410629619  2.142522E-14
1582.21403006412  2.094403E-14
1582.98395383206  1.963862E-14
1583.7538776  1.901832E-14
1584.52380136794  1.898952E-14
1585.29372513588  1.978933E-14
1586.06364890382  2.213308E-14
1586.83357267176  2.036468E-14
1587.6034964397  2.042301E-14
1588.37342020764  1.742075E-14
1589.14334397557  1.827546E-14
1589.91326774351  1.759966E-14
1590.68319151145  1.868593E-14
1591.45311527939  2.134628E-14
1592.22303904733  2.006527E-14
1592.99296281527  1.765449E-14
1593.76288658321  1.675166E-14
1594.53281035115  1.906561E-14
1595.30273411909  2.242836E-14
1596.07265788702  1.885525E-14
1596.84258165496  1.687153E-14
1597.6125054229  1.728774E-14
1598.38242919084  1.498962E-14
1599.15235295878  1.816295E-14
1599.92227672672  2.009840E-14
1600.69220049466  1.756335E-14
1601.4621242626  1.691783E-14
1602.23204803054  1.848513E-14
1603.00197179848  1.608977E-14
1603.77189556641  1.481935E-14
1604.54181933435  1.719073E-14
1605.31174310229  1.999681E-14
1606.08166687023  1.482855E-14
1606.85159063817  1.462872E-14
1607.62151440611  1.632124E-14
1608.39143817405  1.248036E-14
1609.16136194199  1.206593E-14
1609.93128570993  1.540350E-14
1610.70120947786  1.692893E-14
1611.4711332458  1.685999E-14
1612.24105701374  1.581139E-14
1613.01098078168  1.794516E-14
1613.78090454962  1.788101E-14
1614.55082831756  1.596358E-14
1615.3207520855  1.777903E-14
1616.09067585344  1.590363E-14
1616.86059962138  1.369104E-14
1617.63052338932  1.598603E-14
1618.40044715725  1.597283E-14
1619.17037092519  1.575099E-14
1619.94029469313  1.638791E-14
1620.71021846107  1.576219E-14
1621.48014222901  1.537211E-14
1622.25006599695  1.627555E-14
1623.01998976489  2.101650E-14
1623.78991353283  1.930660E-14
1624.55983730077  1.612366E-14
1625.3297610687  1.407728E-14
1626.09968483664  1.607579E-14
1626.86960860458  1.808237E-14
1627.63953237252  1.857994E-14
1628.40945614046  1.766001E-14
1629.1793799084  1.596413E-14
1629.94930367634  1.616115E-14
1630.71922744428  1.588634E-14
1631.48915121222  1.532651E-14
1632.25907498016  1.654025E-14
1633.02899874809  1.719551E-14
1633.79892251603  1.678384E-14
1634.56884628397  1.889976E-14
1635.33877005191  1.883120E-14
1636.10869381985  1.886165E-14
1636.87861758779  1.832808E-14
1637.64854135573  1.765493E-14
1638.41846512367  1.805092E-14
1639.18838889161  1.744611E-14
1639.95831265954  1.898767E-14
1640.72823642748  2.116308E-14
1641.49816019542  2.209665E-14
1642.26808396336  2.167860E-14
1643.0380077313  2.200590E-14
1643.80793149924  2.411169E-14
1644.57785526718  2.292090E-14
1645.34777903512  2.085218E-14
1646.11770280306  1.751108E-14
1646.88762657099  2.091886E-14
1647.65755033893  2.011714E-14
1648.42747410687  1.855256E-14
1649.19739787481  1.974566E-14
1649.96732164275  2.045143E-14
1650.73724541069  2.153489E-14
1651.50716917863  1.994839E-14
1652.27709294657  1.540269E-14
1653.04701671451  1.616984E-14
1653.81694048244  1.571145E-14
1654.58686425038  1.617652E-14
1655.35678801832  1.835025E-14
1656.12671178626  1.467539E-14
1656.8966355542  1.648366E-14
1657.66655932214  1.925222E-14
1658.43648309008  1.663874E-14
1659.20640685802  1.670071E-14
1659.97633062596  1.778988E-14
1660.7462543939  1.986778E-14
1661.51617816183  1.995290E-14
1662.28610192977  1.642407E-14
1663.05602569771  1.559538E-14
1663.82594946565  1.671800E-14
1664.59587323359  1.915612E-14
1665.36579700153  1.685003E-14
1666.13572076947  1.695338E-14
1666.90564453741  1.777860E-14
1667.67556830535  1.867971E-14
1668.44549207328  1.272299E-14
1669.21541584122  1.050538E-14
1669.98533960916  9.131104E-15
1670.7552633771  1.082604E-14
1671.52518714504  1.063155E-14
1672.29511091298  1.285047E-14
1673.06503468092  1.602522E-14
1673.83495844886  2.047101E-14
1674.6048822168  1.767880E-14
1675.37480598473  1.706800E-14
1676.14472975267  1.706715E-14
1676.91465352061  1.481733E-14
1677.68457728855  1.540957E-14
1678.45450105649  1.610323E-14
1679.22442482443  1.806596E-14
1679.99434859237  2.200986E-14
1680.76427236031  1.912173E-14
1681.53419612825  1.467153E-14
1682.30411989619  1.682282E-14
1683.07404366412  1.952437E-14
1683.84396743206  2.408408E-14
1684.6138912  2.295124E-14
1685.38381496794  1.751685E-14
1686.15373873588  1.657759E-14
1686.92366250382  1.575198E-14
1687.69358627176  1.699274E-14
1688.4635100397  1.663919E-14
1689.23343380764  1.656307E-14
1690.00335757557  1.425930E-14
1690.77328134351  1.692704E-14
1691.54320511145  1.997341E-14
1692.31312887939  1.882667E-14
1693.08305264733  1.801017E-14
1693.85297641527  1.798316E-14
1694.62290018321  2.142655E-14
1695.39282395115  1.881405E-14
1696.16274771909  1.677052E-14
1696.93267148703  1.759787E-14
1697.70259525496  1.641632E-14
1698.4725190229  1.649895E-14
1699.24244279084  1.884003E-14
1700.01236655878  1.693813E-14
1700.78229032672  1.610787E-14
1701.55221409466  1.844477E-14
1702.3221378626  1.722568E-14
1703.09206163054  1.683546E-14
1703.86198539848  1.604120E-14
1704.63190916641  1.617348E-14
1705.40183293435  1.528246E-14
1706.17175670229  1.502318E-14
1706.94168047023  1.001841E-14
1707.71160423817  1.300238E-14
1708.48152800611  1.273847E-14
1709.25145177405  1.151611E-14
1710.02137554199  1.336185E-14
1710.79129930993  1.381773E-14
1711.56122307786  1.215811E-14
1712.3311468458  1.284526E-14
1713.10107061374  1.177344E-14
1713.87099438168  1.524311E-14
1714.64091814962  1.680271E-14
1715.41084191756  1.805031E-14
1716.1807656855  1.532704E-14
1716.95068945344  1.606017E-14
1717.72061322138  1.371615E-14
1718.49053698931  1.599249E-14
1719.26046075725  1.890126E-14
1720.03038452519  1.550362E-14
1720.80030829313  1.652122E-14
1721.57023206107  1.914707E-14
1722.34015582901  1.949308E-14
1723.11007959695  1.888232E-14
1723.88000336489  1.764717E-14
1724.64992713283  1.748461E-14
1725.41985090077  1.931048E-14
1726.1897746687  2.041105E-14
1726.95969843664  2.003828E-14
1727.72962220458  2.240496E-14
1728.49954597252  1.867232E-14
1729.26946974046  1.706329E-14
1730.0393935084  1.971744E-14
1730.80931727634  2.095597E-14
1731.57924104428  1.610377E-14
1732.34916481222  1.451890E-14
1733.11908858015  1.666693E-14
1733.88901234809  2.002131E-14
1734.65893611603  1.729047E-14
1735.42885988397  1.512418E-14
1736.19878365191  1.783451E-14
1736.96870741985  1.757915E-14
1737.73863118779  1.726670E-14
1738.50855495573  1.575207E-14
1739.27847872367  1.747479E-14
1740.0484024916  1.924955E-14
1740.81832625954  1.699803E-14
1741.58825002748  1.736589E-14
1742.35817379542  1.665012E-14
1743.12809756336  1.604673E-14
1743.8980213313  1.803283E-14
1744.66794509924  1.765904E-14
1745.43786886718  1.816260E-14
1746.20779263512  1.590275E-14
1746.97771640306  1.451392E-14
1747.74764017099  1.171278E-14
1748.51756393893  1.569108E-14
1749.28748770687  1.825200E-14
1750.05741147481  1.645609E-14
1750.82733524275  1.493319E-14
1751.59725901069  1.659069E-14
1752.36718277863  1.500432E-14
1753.13710654657  1.641304E-14
1753.90703031451  1.799569E-14
1754.67695408245  1.492869E-14
1755.44687785038  1.754644E-14
1756.21680161832  1.855214E-14
1756.98672538626  1.539901E-14
1757.7566491542  1.526020E-14
1758.52657292214  1.492959E-14
1759.29649669008  1.722035E-14
1760.06642045802  1.546527E-14
1760.83634422596  1.536154E-14
1761.6062679939  2.140729E-14
1762.37619176183  2.018212E-14
1763.14611552977  1.552059E-14
1763.91603929771  1.623991E-14
1764.68596306565  1.729793E-14
1765.45588683359  1.548926E-14
1766.22581060153  1.588576E-14
1766.99573436947  1.525363E-14
1767.76565813741  1.449678E-14
1768.53558190535  1.581926E-14
1769.30550567328  1.834092E-14
1770.07542944122  2.029354E-14
1770.84535320916  1.795284E-14
1771.6152769771  1.434868E-14
1772.38520074504  1.693732E-14
1773.15512451298  2.076401E-14
1773.92504828092  1.740030E-14
1774.69497204886  1.759097E-14
1775.4648958168  1.711008E-14
1776.23481958474  1.380654E-14
1777.00474335267  1.694197E-14
1777.77466712061  1.595217E-14
1778.54459088855  1.530567E-14
1779.31451465649  1.617310E-14
1780.08443842443  1.528710E-14
1780.85436219237  1.750723E-14
1781.62428596031  1.758113E-14
1782.39420972825  1.314784E-14
1783.16413349619  1.438290E-14
1783.93405726412  1.683162E-14
1784.70398103206  1.593302E-14
1785.4739048  1.892912E-14
1786.24382856794  1.946352E-14
1787.01375233588  1.772611E-14
1787.78367610382  1.672427E-14
1788.55359987176  1.582737E-14
1789.3235236397  1.511620E-14
1790.09344740764  1.884853E-14
1790.86337117557  1.895940E-14
1791.63329494351  1.477983E-14
1792.40321871145  1.875305E-14
1793.17314247939  1.472442E-14
1793.94306624733  1.405285E-14
1794.71299001527  1.377182E-14
1795.48291378321  1.564327E-14
1796.25283755115  1.616725E-14
1797.02276131909  1.624870E-14
1797.79268508703  1.347594E-14
1798.56260885496  1.474472E-14
1799.3325326229  1.568423E-14
1800.10245639084  1.599971E-14
1800.87238015878  1.427173E-14
1801.64230392672  1.092511E-14
1802.41222769466  1.308361E-14
1803.1821514626  1.698112E-14
1803.95207523054  1.568486E-14
1804.72199899848  1.244660E-14
1805.49192276641  1.131859E-14
1806.26184653435  1.226625E-14
1807.03177030229  1.363600E-14
1807.80169407023  1.283196E-14
1808.57161783817  1.539160E-14
1809.34154160611  1.748526E-14
1810.11146537405  1.587649E-14
1810.88138914199  1.460844E-14
1811.65131290993  9.207247E-15
1812.42123667786  1.280486E-14
1813.1911604458  1.499660E-14
1813.96108421374  1.665490E-14
1814.73100798168  1.625605E-14
1815.50093174962  1.508100E-14
1816.27085551756  1.757559E-14
1817.0407792855  1.331246E-14
1817.81070305344  9.882208E-15
1818.58062682138  1.486024E-14
1819.35055058932  1.393960E-14
1820.12047435725  1.177981E-14
1820.89039812519  1.300245E-14
1821.66032189313  1.695226E-14
1822.43024566107  1.796645E-14
1823.20016942901  1.459472E-14
1823.97009319695  1.637220E-14
1824.74001696489  1.849471E-14
1825.50994073283  1.732752E-14
1826.27986450077  1.766949E-14
1827.0497882687  1.306144E-14
1827.81971203664  9.749824E-15
1828.58963580458  1.370566E-14
1829.35955957252  1.431622E-14
1830.12948334046  1.523794E-14
1830.8994071084  1.703516E-14
1831.66933087634  1.556822E-14
1832.43925464428  2.206425E-14
1833.20917841222  1.695884E-14
1833.97910218016  1.614696E-14
1834.74902594809  1.747370E-14
1835.51894971603  1.570336E-14
1836.28887348397  1.807452E-14
1837.05879725191  1.981966E-14
1837.82872101985  1.869657E-14
1838.59864478779  1.414265E-14
1839.36856855573  1.257806E-14
1840.13849232367  1.402141E-14
1840.90841609161  1.563422E-14
1841.67833985954  1.438491E-14
1842.44826362748  1.369340E-14
1843.21818739542  1.326415E-14
1843.98811116336  1.422305E-14
1844.7580349313  1.596829E-14
1845.52795869924  1.551556E-14
1846.29788246718  1.601348E-14
1847.06780623512  1.698474E-14
1847.83773000306  1.504819E-14
1848.60765377099  1.102159E-14
1849.37757753893  1.736152E-14
1850.14750130687  1.693870E-14
1850.91742507481  1.429547E-14
1851.68734884275  1.258863E-14
1852.45727261069  1.660976E-14
1853.22719637863  1.478297E-14
1853.99712014657  1.475557E-14
1854.76704391451  1.375855E-14
1855.53696768244  1.623566E-14
1856.30689145038  1.393265E-14
1857.07681521832  1.238163E-14
1857.84673898626  1.487849E-14
1858.6166627542  1.382526E-14
1859.38658652214  1.621897E-14
1860.15651029008  1.470714E-14
1860.92643405802  1.412121E-14
1861.69635782596  1.561617E-14
1862.4662815939  1.367299E-14
1863.23620536183  1.339374E-14
1864.00612912977  1.205212E-14
1864.77605289771  1.136585E-14
1865.54597666565  1.210260E-14
1866.31590043359  1.169639E-14
1867.08582420153  1.442958E-14
1867.85574796947  1.537128E-14
1868.62567173741  1.521084E-14
1869.39559550535  1.419552E-14
1870.16551927329  1.658654E-14
1870.93544304122  1.930676E-14
1871.70536680916  1.899987E-14
1872.4752905771  1.636368E-14
1873.24521434504  1.207388E-14
1874.01513811298  1.057341E-14
1874.78506188092  1.202126E-14
1875.55498564886  1.239278E-14
1876.3249094168  1.496920E-14
1877.09483318474  1.904848E-14
1877.86475695267  2.058210E-14
1878.63468072061  1.920458E-14
1879.40460448855  1.337209E-14
1880.17452825649  1.532456E-14
1880.94445202443  1.667466E-14
1881.71437579237  1.258724E-14
1882.48429956031  1.270748E-14
1883.25422332825  1.842312E-14
1884.02414709619  1.780163E-14
1884.79407086412  1.422498E-14
1885.56399463206  1.465243E-14
1886.3339184  2.109463E-14
1887.10384216794  1.951823E-14
1887.87376593588  7.931835E-15
1888.64368970382  1.643320E-14
1889.41361347176  2.036045E-14
1890.1835372397  1.382128E-14
1890.95346100764  1.588447E-14
1891.72338477557  1.286115E-14
1892.49330854351  1.754477E-14
1893.26323231145  1.384485E-14
1894.03315607939  1.529161E-14
1894.80307984733  1.726749E-14
1895.57300361527  1.207390E-14
1896.34292738321  1.266278E-14
1897.11285115115  1.206238E-14
1897.88277491909  1.406764E-14
1898.65269868703  1.178595E-14
1899.42262245496  9.651531E-15
1900.1925462229  1.167955E-14
1900.96246999084  1.307052E-14
1901.73239375878  1.374744E-14
1902.50231752672  1.746595E-14
1903.27224129466  1.801491E-14
1904.0421650626  1.785496E-14
1904.81208883054  2.003807E-14
1905.58201259848  1.713006E-14
1906.35193636641  1.992850E-14
1907.12186013435  2.261617E-14
1907.89178390229  1.762286E-14
1908.66170767023  2.298692E-14
1909.43163143817  2.479567E-14
1910.20155520611  2.146010E-14
1910.97147897405  1.607287E-14
1911.74140274199  1.038148E-14
1912.51132650993  1.377232E-14
1913.28125027786  1.333755E-14
1914.0511740458  1.286308E-14
1914.82109781374  1.215770E-14
1915.59102158168  1.270138E-14
1916.36094534962  1.368942E-14
1917.13086911756  1.332188E-14
1917.9007928855  9.290635E-15
1918.67071665344  1.131818E-14
1919.44064042138  1.183080E-14
1920.21056418932  1.603292E-14
1920.98048795725  1.631015E-14
1921.75041172519  1.630535E-14
1922.52033549313  1.503442E-14
1923.29025926107  1.902919E-14
1924.06018302901  2.175898E-14
1924.83010679695  2.141071E-14
1925.60003056489  1.527452E-14
1926.36995433283  9.460102E-15
1927.13987810077  8.534992E-15
1927.9098018687  1.276260E-14
1928.67972563664  1.650820E-14
1929.44964940458  9.789210E-15
1930.21957317252  1.923926E-14
1930.98949694046  2.312415E-14
1931.7594207084  1.325970E-14
1932.52934447634  1.384591E-14
1933.29926824428  1.097617E-14
1934.06919201222  1.471096E-14
1934.83911578016  1.160692E-14
1935.60903954809  1.262567E-14
1936.37896331603  1.515314E-14
1937.14888708397  9.565295E-15
1937.91881085191  1.385586E-14
1938.68873461985  1.009857E-14
1939.45865838779  7.649476E-15
1940.22858215573  1.356894E-14
1940.99850592367  1.678064E-14
1941.76842969161  1.360945E-14
1942.53835345954  1.865715E-14
1943.30827722748  9.913380E-15
1944.07820099542  8.391232E-15
1944.84812476336  1.521497E-14
1945.6180485313  1.680203E-14
1946.38797229924  1.856549E-14
1947.15789606718  2.056770E-14
1947.92781983512  1.629392E-14
1948.69774360306  8.785488E-15
1949.46766737099  9.807229E-15
1950.23759113893  9.985339E-15
1951.00751490687  8.135528E-15
1951.77743867481  9.658720E-15
1952.54736244275  1.618069E-14
1953.31728621069  1.735285E-14
1954.08720997863  1.420762E-14
1954.85713374657  1.531096E-14
1955.62705751451  2.113886E-14
1956.39698128245  1.416125E-14
1957.16690505038  1.155536E-14
1957.93682881832  1.123581E-14
1958.70675258626  1.364348E-14
1959.4766763542  9.201544E-15
1960.24660012214  1.203069E-14
1961.01652389008  1.361336E-14
1961.78644765802  1.230078E-14
1962.55637142596  8.567311E-15
1963.3262951939  1.110733E-14
1964.09621896183  1.768661E-14
1964.86614272977  1.756995E-14
1965.63606649771  8.808898E-15
1966.40599026565  4.838915E-15
1967.17591403359  1.389298E-14
1967.94583780153  1.448409E-14
1968.71576156947  8.680133E-15
1969.48568533741  1.773441E-14
1970.25560910535  2.378247E-14
1971.02553287328  1.818786E-14
1971.79545664122  1.327772E-14
1972.56538040916  1.011768E-14
1973.3353041771  9.286163E-15
1974.10522794504  1.722891E-14
1974.87515171298  2.021653E-14
1975.64507548092  1.107871E-14
1976.41499924886  3.226832E-15
1977.1849230168  9.124250E-15
1977.95484678474  2.071298E-14
1978.72477055267  1.674451E-14
1979.49469432061  9.308971E-15
1980.26461808855  1.740749E-14
1981.03454185649  2.903577E-14
1981.80446562443  1.932570E-14
1982.57438939237  1.746751E-14
1983.34431316031  1.377927E-14
1984.11423692825  9.022098E-15
1984.88416069619  2.076327E-14
1985.65408446412  2.554309E-14
1986.42400823206  1.844736E-14
1987.193932  1.433000E-14
1987.96385576794  1.403245E-14
1988.73377953588  1.459887E-14
1989.50370330382  1.007577E-14
1990.27362707176  1.106399E-14
1991.0435508397  1.730849E-14
1991.81347460764  1.304502E-14
1992.58339837558  1.444181E-14
1993.35332214351  1.612136E-14
1994.12324591145  1.641390E-14
1994.89316967939  1.440043E-14
1995.66309344733  1.984132E-14
1996.43301721527  1.807072E-14
1997.20294098321  9.172444E-15
1997.97286475115  6.858255E-15
1998.74278851909  1.352948E-14
1999.51271228703  1.310627E-14
2000.28263605496  2.100607E-14
2001.0525598229  8.093755E-15
2001.82248359084  1.806970E-14
2002.59240735878  1.556309E-14
2003.36233112672  1.073752E-14
2004.13225489466  7.406313E-15
2004.9021786626  1.055482E-14
2005.67210243054  1.400384E-14
2006.44202619848  2.350753E-14
2007.21194996642  1.957570E-14
2007.98187373435  9.527889E-15
2008.75179750229  8.326771E-15
2009.52172127023  6.667622E-15
2010.29164503817  1.358332E-14
2011.06156880611  2.214242E-14
2011.83149257405  1.586151E-14
2012.60141634199  6.158032E-15
2013.37134010993  1.812891E-14
2014.14126387787  2.463236E-14
2014.9111876458  2.380446E-14
2015.68111141374  1.380072E-15
2016.45103518168  1.659873E-15
2017.22095894962  8.854718E-15
2017.99088271756  2.102189E-14
2018.7608064855  3.684589E-14
2019.53073025344  1.034582E-14
2020.30065402138  3.285999E-15
2021.07057778932  2.620618E-15
2021.84050155725  1.309857E-14
2022.61042532519  6.261559E-15
2023.38034909313  -1.743478E-15
2024.15027286107  3.513857E-15
2024.92019662901  5.403125E-15
2025.69012039695  1.361037E-14
2026.46004416489  2.621961E-14
2027.22996793283  3.380295E-14
2027.99989170077  2.564135E-14
2028.7698154687  4.169655E-15
2029.53973923664  1.856499E-15
2030.30966300458  1.346926E-14
2031.07958677252  1.458110E-14
2031.84951054046  9.989197E-15
2032.6194343084  -4.719208E-15
2033.38935807634  -3.193808E-16
2034.15928184428  2.409305E-14
2034.92920561222  1.953778E-14
2035.69912938016  3.018681E-14
2036.46905314809  1.893127E-14
2037.23897691603  1.932276E-14
2038.00890068397  -6.223390E-16
2038.77882445191  1.241661E-15
2039.54874821985  1.344598E-14
2040.31867198779  -2.012971E-15
2041.08859575573  1.710025E-15
2041.85851952367  3.045849E-14
2042.62844329161  1.508801E-14
2043.39836705954  3.639652E-15
2044.16829082748  1.619128E-14
2044.93821459542  1.455285E-14
2045.70813836336  9.650373E-15
2046.4780621313  2.877588E-15
2047.24798589924  -1.754828E-15
2048.01790966718  3.711373E-14
2048.78783343512  5.304872E-14
2049.55775720306  4.573431E-14
2050.327680971  7.213205E-14
2051.09760473893  6.037433E-14
2051.86752850687  2.781493E-14
2052.63745227481  1.857568E-14
2053.40737604275  -1.218523E-14
2054.17729981069  -6.891707E-15
2054.94722357863  1.487233E-14
2055.71714734657  5.335181E-15
2056.48707111451  2.563111E-14
2057.25699488244  2.376643E-14
2058.02691865038  4.048403E-15
2058.79684241832  3.558756E-14
2059.56676618626  -3.563557E-15
2060.3366899542  2.646930E-15
2061.10661372214  1.619989E-14
2061.87653749008  3.681611E-16
2062.64646125802  -1.201047E-15
2063.41638502596  -5.533338E-15
2064.1863087939  1.857744E-15
2064.95623256183  3.873044E-14
2065.72615632977  3.397681E-15
2066.49608009771  1.277895E-14
2067.26600386565  1.827959E-14
2068.03592763359  -6.410736E-16
2068.80585140153  -5.663760E-15
2069.57577516947  1.547614E-14
2070.34569893741  3.662630E-14
2071.11562270535  1.752016E-14
2071.88554647329  2.308816E-14
2072.65547024122  3.057719E-14
2073.42539400916  3.217785E-15
2074.1953177771  -3.382707E-16
2074.96524154504  -1.265576E-14
2075.73516531298  -4.986500E-15
2076.50508908092  9.588948E-15
2077.27501284886  8.458531E-15
2078.0449366168  6.146316E-14
2078.81486038474  4.814603E-14
2079.58478415267  2.891903E-14
2080.35470792061  1.683052E-15
2081.12463168855  1.576025E-14
2081.89455545649  2.819729E-14
2082.66447922443  -6.219008E-16
2083.43440299237  -1.811943E-14
2084.20432676031  -1.743083E-14
2084.97425052825  -1.599134E-14
2085.74417429619  -1.542467E-14
2086.51409806412  1.633564E-14
2087.28402183206  3.816030E-15
2088.0539456  -1.485478E-14
2088.82386936794  -1.388459E-14
2089.59379313588  3.629191E-15
2090.36371690382  -9.269945E-15
2091.13364067176  3.931105E-14
2091.9035644397  6.420951E-14
2092.67348820764  1.770412E-14
2093.44341197558  4.898660E-14
2094.21333574351  7.691234E-16
2094.98325951145  -2.728649E-14
2095.75318327939  -2.709382E-14
2096.52310704733  5.257668E-15
2097.29303081527  6.074791E-14
2098.06295458321  -2.516159E-14
2098.83287835115  -3.637141E-14
2099.60280211909  1.342520E-14
2100.37272588703  -1.602216E-15
2101.14264965496  2.207119E-14
2101.9125734229  -2.830510E-14
2102.68249719084  2.794587E-14
2103.45242095878  1.142775E-13
2104.22234472672  -9.922973E-15
2104.99226849466  6.466139E-16
2105.7621922626  1.125129E-14
2106.53211603054  -1.730122E-14
2107.30203979848  -4.153708E-14
2108.07196356641  -3.441383E-14
2108.84188733435  6.787446E-14
2109.61181110229  4.351649E-14
2110.38173487023  2.723882E-14
2111.15165863817  7.505787E-14
2111.92158240611  1.981829E-14
2112.69150617405  -4.379137E-14
2113.46142994199  -3.461227E-14
2114.23135370993  1.658607E-14
2115.00127747786  -1.735192E-14
2115.7712012458  -4.499287E-14
2116.54112501374  -2.002336E-14
2117.31104878168  -7.211019E-14
2118.08097254962  -6.837413E-14
2118.85089631756  -4.125234E-14
2119.6208200855  -3.732058E-14
2120.39074385344  5.256617E-14
2121.16066762138  -3.413227E-14
2121.93059138932  5.810588E-14
2122.70051515725  -5.368315E-14
2123.47043892519  -2.333276E-14
2124.24036269313  -1.070979E-15
2125.01028646107  -1.742077E-14
2125.78021022901  3.403270E-14
2126.55013399695  1.143632E-13
2127.32005776489  1.476624E-14
2128.08998153283  5.031873E-14
2128.85990530077  2.312848E-14
2129.62982906871  -1.120730E-14
2130.39975283664  9.237192E-14
2131.16967660458  5.731731E-14
2131.93960037252  -8.119162E-14
2132.70952414046  -3.394104E-14
2133.4794479084  -2.083122E-14
2134.24937167634  -7.673652E-14
2135.01929544428  7.374295E-14
2135.78921921222  1.076805E-13
2136.55914298016  2.723669E-14
2137.32906674809  -1.956941E-14
2138.09899051603  6.357585E-14
2138.86891428397  1.262264E-13
2139.63883805191  4.642641E-15
2140.40876181985  -7.261634E-14
2141.17868558779  -5.714664E-14
2141.94860935573  3.889116E-14
2142.71853312367  -5.012193E-14
2143.48845689161  9.742418E-14
2144.25838065954  -1.671519E-14
2145.02830442748  2.697852E-14
2145.79822819542  -2.828491E-14
2146.56815196336  1.552800E-14
2147.3380757313  1.271066E-13
2148.10799949924  4.707911E-14
2148.87792326718  -9.664150E-15
2149.64784703512  1.321132E-15
2150.41777080306  -2.336031E-17
2151.187694571  1.929124E-17
2151.95761833893  -4.126067E-18
2152.72754210687  -3.449623E-18
2153.49746587481  -4.193900E-18
2154.26738964275  -3.622338E-18
2155.03731341069  4.108206E-17
2155.80723717863  3.471477E-17
2156.57716094657  -1.476553E-17
2157.34708471451  -8.510469E-18
2158.11700848245  -1.575008E-17
2158.88693225038  1.638859E-18
2159.65685601832  -8.855693E-18
2160.42677978626  1.858252E-17
2161.1967035542  9.399016E-18
2161.96662732214  1.089546E-17
2162.73655109008  -6.681112E-18
2163.50647485802  3.753989E-18
2164.27639862596  6.943483E-18
2165.0463223939  -7.013714E-18
2165.81624616183  -7.668807E-18
2166.58616992977  -4.463159E-18
2167.35609369771  -5.714917E-18
2168.12601746565  2.015544E-17
2168.89594123359  3.853942E-18
2169.66586500153  -3.341191E-18
2170.43578876947  2.014426E-17
2171.20571253741  3.722559E-17
2171.97563630535  2.185351E-17
2172.74556007328  1.757481E-17
2173.51548384122  1.402541E-17
2174.28540760916  -1.648421E-17
2175.0553313771  -1.639532E-17
2175.82525514504  5.548264E-18
2176.59517891298  1.287211E-17
2177.36510268092  -4.185347E-18
2178.13502644886  -2.067534E-17
2178.9049502168  -8.061500E-18
2179.67487398474  2.121062E-17
2180.44479775267  -1.478879E-17
2181.21472152061  -5.985046E-18
2181.98464528855  -4.640870E-18
2182.75456905649  -5.645836E-18
2183.52449282443  -6.150925E-18
2184.29441659237  -2.116090E-17
2185.06434036031  -2.389250E-17
2185.83426412825  5.956545E-18
2186.60418789619  1.660008E-17
2187.37411166412  1.398761E-18
2188.14403543206  4.038551E-17
2188.9139592  3.230691E-17
2189.68388296794  1.573847E-17
2190.45380673588  -1.017601E-17
2191.22373050382  -3.120502E-17
2191.99365427176  -1.826926E-17
2192.7635780397  1.003207E-17
2193.53350180764  1.764011E-17
2194.30342557558  1.739486E-17
2195.07334934351  8.783021E-18
2195.84327311145  -1.361776E-17
2196.61319687939  -9.356702E-18
2197.38312064733  -8.596697E-18
2198.15304441527  -6.243468E-18
2198.92296818321  -1.389044E-17
2199.69289195115  -1.138200E-17
2200.46281571909  3.314544E-17
2201.23273948703  3.088456E-17
2202.00266325496  1.376914E-17
2202.7725870229  -4.417928E-18
2203.54251079084  -9.140299E-19
2204.31243455878  3.621137E-17
2205.08235832672  -1.499010E-17
2205.85228209466  -5.647325E-18
2206.6222058626  3.138110E-18
2207.39212963054  9.209361E-18
2208.16205339848  1.860596E-17
2208.93197716641  -3.551444E-18
2209.70190093435  -1.159905E-17
2210.47182470229  5.003079E-17
2211.24174847023  6.495509E-17
2212.01167223817  4.535435E-17
2212.78159600611  1.553617E-17
2213.55151977405  3.102311E-17
2214.32144354199  4.528035E-17
2215.09136730993  1.777585E-17
2215.86129107787  1.871235E-17
2216.6312148458  2.343835E-17
2217.40113861374  3.949921E-17
2218.17106238168  3.085650E-17
2218.94098614962  -2.272999E-18
2219.71090991756  -2.067856E-17
2220.4808336855  3.413817E-18
2221.25075745344  6.363231E-17
2222.02068122138  1.801682E-17
2222.79060498932  1.817086E-17
2223.56052875725  5.036462E-17
2224.33045252519  3.767911E-17
2225.10037629313  2.736816E-17
2225.87030006107  2.899750E-17
2226.64022382901  1.808621E-17
2227.41014759695  1.258131E-17
2228.18007136489  -2.323098E-19
2228.94999513283  -2.034537E-17
2229.71991890077  -2.650155E-17
2230.4898426687  4.854853E-17
2231.25976643664  3.763345E-17
2232.02969020458  2.903338E-17
2232.79961397252  5.573389E-17
2233.56953774046  3.186650E-17
2234.3394615084  1.974714E-17
2235.10938527634  6.234096E-17
2235.87930904428  4.705171E-17
2236.64923281222  -1.353398E-17
2237.41915658016  2.188500E-17
2238.18908034809  8.720101E-17
2238.95900411603  7.938116E-17
2239.72892788397  1.855869E-17
2240.49885165191  6.055128E-17
2241.26877541985  1.023742E-16
2242.03869918779  1.995265E-17
2242.80862295573  5.424491E-17
2243.57854672367  5.912036E-17
2244.34847049161  2.454350E-17
2245.11839425955  4.915158E-17
2245.88831802748  7.560483E-17
2246.65824179542  2.669961E-17
2247.42816556336  7.208994E-17
2248.1980893313  3.069462E-17
2248.96801309924  2.225552E-17
2249.73793686718  3.499724E-17
2250.50786063512  2.958286E-17
2251.27778440306  7.633188E-17
2252.047708171  3.554320E-17
2252.81763193893  7.711385E-18
2253.58755570687  1.421609E-17
2254.35747947481  -1.698756E-17
2255.12740324275  5.741741E-18
2255.89732701069  4.047454E-17
2256.66725077863  5.508050E-17
2257.43717454657  5.844114E-17
2258.20709831451  3.383535E-17
2258.97702208245  8.575635E-17
2259.74694585038  9.371367E-17
2260.51686961832  1.499814E-17
2261.28679338626  3.625137E-17
2262.0567171542  1.951500E-17
2262.82664092214  2.348930E-17
2263.59656469008  5.567773E-17
2264.36648845802  7.675645E-17
2265.13641222596  7.950974E-17
2265.9063359939  4.942018E-17
2266.67625976183  4.765592E-18
2267.44618352977  -4.352147E-18
2268.21610729771  -1.618727E-17
2268.98603106565  9.398674E-18
2269.75595483359  5.430972E-18
2270.52587860153  2.591422E-17
2271.29580236947  5.744685E-17
2272.06572613741  5.571367E-17
2272.83564990535  6.795510E-17
2273.60557367329  3.253545E-17
2274.37549744122  1.852665E-17
2275.14542120916  5.219279E-17
2275.9153449771  6.581562E-17
2276.68526874504  6.518730E-17
2277.45519251298  4.902979E-17
2278.22511628092  5.385289E-18
2278.99504004886  1.131576E-17
2279.7649638168  4.739353E-17
2280.53488758474  -1.353271E-17
2281.30481135267  3.721816E-18
2282.07473512061  3.921745E-17
2282.84465888855  5.373365E-17
2283.61458265649  5.042361E-17
2284.38450642443  2.840940E-17
2285.15443019237  1.869829E-17
2285.92435396031  4.609374E-17
2286.69427772825  3.626620E-17
2287.46420149619  4.202095E-17
2288.23412526412  3.017631E-17
2289.00404903206  1.538437E-17
2289.7739728  5.319019E-17
2290.54389656794  2.098113E-17
2291.31382033588  7.084704E-19
2292.08374410382  3.542942E-17
2292.85366787176  3.465498E-17
2293.6235916397  7.098988E-17
2294.39351540764  7.241936E-17
2295.16343917558  1.362343E-17
2295.93336294351  4.546691E-17
2296.70328671145  5.871685E-17
2297.47321047939  4.149592E-17
2298.24313424733  9.049950E-17
2299.01305801527  9.392934E-17
2299.78298178321  5.974485E-17
2300.55290555115  4.978012E-17
2301.32282931909  7.441787E-17
2302.09275308703  4.404389E-17
2302.86267685497  2.004537E-17
2303.6326006229  5.649483E-17
2304.40252439084  6.548651E-18
2305.17244815878  -6.450988E-18
2305.94237192672  9.135173E-18
2306.71229569466  5.402735E-17
2307.4822194626  3.439877E-17
2308.25214323054  -1.765126E-17
2309.02206699848  1.304994E-17
2309.79199076641  1.634137E-18
2310.56191453435  6.116635E-17
2311.33183830229  7.247165E-17
2312.10176207023  3.999868E-17
2312.87168583817  6.212736E-17
2313.64160960611  4.535670E-17
2314.41153337405  9.545235E-17
2315.18145714199  7.708397E-17
2315.95138090993  3.251115E-17
2316.72130467787  4.838633E-17
2317.4912284458  2.451387E-17
2318.26115221374  4.492661E-17
2319.03107598168  4.590236E-17
2319.80099974962  1.199588E-17
2320.57092351756  3.570047E-17
2321.3408472855  3.100011E-17
2322.11077105344  5.221389E-17
2322.88069482138  1.688793E-17
2323.65061858932  5.224844E-17
2324.42054235725  4.090312E-17
2325.19046612519  1.082722E-17
2325.96038989313  1.427877E-17
2326.73031366107  7.169878E-17
2327.50023742901  7.496578E-17
2328.27016119695  6.945264E-17
2329.04008496489  5.228119E-17
2329.81000873283  4.697386E-17
2330.57993250077  4.143132E-17
2331.34985626871  8.467289E-17
2332.11978003664  8.715086E-17
2332.88970380458  3.537735E-17
2333.65962757252  8.029188E-17
2334.42955134046  4.810744E-17
2335.1994751084  -8.046553E-19
2335.96939887634  4.387779E-17
2336.73932264428  3.712136E-17
2337.50924641222  3.278961E-17
2338.27917018016  6.713638E-17
2339.04909394809  2.348709E-17
2339.81901771603  -1.897804E-17
2340.58894148397  3.613200E-17
2341.35886525191  9.270548E-17
2342.12878901985  6.326572E-17
2342.89871278779  5.319199E-17
2343.66863655573  9.829899E-17
2344.43856032367  4.237293E-17
2345.20848409161  5.391502E-18
2345.97840785954  2.521390E-17
2346.74833162748  2.549444E-17
2347.51825539542  8.188882E-17
2348.28817916336  4.997316E-17
2349.0581029313  7.350813E-17
2349.82802669924  5.196778E-17
2350.59795046718  4.131571E-17
2351.36787423512  2.647420E-17
2352.13779800306  1.589797E-17
2352.907721771  1.835356E-17
2353.67764553893  3.993733E-17
2354.44756930687  4.375282E-17
2355.21749307481  1.518115E-17
2355.98741684275  4.709889E-17
2356.75734061069  3.449791E-17
2357.52726437863  2.089241E-17
2358.29718814657  3.979109E-17
2359.06711191451  6.933127E-17
2359.83703568245  6.184281E-17
2360.60695945039  1.551685E-17
2361.37688321832  4.864583E-17
2362.14680698626  4.319505E-17
2362.9167307542  5.743881E-17
2363.68665452214  4.792313E-17
2364.45657829008  4.263877E-17
2365.22650205802  6.411257E-17
2365.99642582596  8.765839E-17
2366.7663495939  1.682212E-17
2367.53627336184  7.259822E-17
2368.30619712977  2.038276E-17
2369.07612089771  4.292458E-17
2369.84604466565  3.762405E-18
2370.61596843359  -8.350777E-18
2371.38589220153  -2.123706E-17
2372.15581596947  5.123826E-17
2372.92573973741  1.018373E-16
2373.69566350535  8.779367E-17
2374.46558727329  4.381317E-17
2375.23551104122  2.859890E-17
2376.00543480916  3.412598E-17
2376.7753585771  -1.497531E-18
2377.54528234504  -3.059935E-17
2378.31520611298  -3.208372E-17
2379.08512988092  -1.080179E-17
2379.85505364886  -6.588286E-18
2380.6249774168  -3.757219E-17
2381.39490118474  2.754573E-17
2382.16482495267  8.340064E-17
2382.93474872061  7.480542E-18
2383.70467248855  2.834062E-17
2384.47459625649  5.617343E-17
2385.24452002443  -1.467664E-17
2386.01444379237  -2.058339E-17
2386.78436756031  6.708261E-18
2387.55429132825  2.844086E-17
2388.32421509619  2.160531E-17
2389.09413886413  1.197980E-16
2389.86406263206  5.913478E-17
2390.6339864  1.199903E-16
2391.40391016794  7.572675E-18
2392.17383393588  -5.613950E-18
2392.94375770382  3.970564E-17
2393.71368147176  8.030048E-17
2394.4836052397  1.329157E-17
2395.25352900764  -7.422106E-18
2396.02345277558  9.485015E-18
2396.79337654351  2.874824E-17
2397.56330031145  9.065132E-17
2398.33322407939  7.547452E-17
2399.10314784733  2.672239E-18
2399.87307161527  -1.658485E-17
2400.64299538321  -1.425982E-17
2401.41291915115  -2.097966E-17
2402.18284291909  -1.686375E-17
2402.95276668703  7.305662E-18
2403.72269045496  1.195684E-18
2404.4926142229  -4.127822E-17
2405.26253799084  -2.142992E-17
2406.03246175878  2.418434E-17
2406.80238552672  -3.394331E-17
2407.57230929466  -3.870425E-17
2408.3422330626  -1.696752E-17
2409.11215683054  4.019760E-17
2409.88208059848  -7.358230E-18
2410.65200436642  -3.686339E-18
2411.42192813435  1.152837E-16
2412.19185190229  2.344003E-17
2412.96177567023  -1.854588E-17
2413.73169943817  -1.304798E-17
2414.50162320611  -1.778768E-17
2415.27154697405  4.020703E-17
2416.04147074199  1.255229E-17
2416.81139450993  -2.470853E-17
2417.58131827787  -2.093601E-17
2418.3512420458  -1.924621E-17
2419.12116581374  -2.326359E-17
2419.89108958168  2.269769E-17
2420.66101334962  2.635569E-17
2421.43093711756  7.071212E-20
2422.2008608855  1.092967E-16
2422.97078465344  9.118329E-16
2423.74070842138  2.350251E-15
2424.51063218932  3.637807E-15
2425.28055595725  5.966224E-15
2426.05047972519  9.154591E-15
2426.82040349313  1.242071E-14
2427.59032726107  1.486800E-14
2428.36025102901  1.505889E-14
2429.13017479695  1.705247E-14
2429.90009856489  1.602738E-14
2430.67002233283  1.538845E-14
2431.43994610077  1.615305E-14
2432.20986986871  5.424227E-15
2432.97979363664  1.028428E-16
2433.74971740458  -4.969477E-17
2434.51964117252  2.001608E-17
2435.28956494046  0.
2436.0594887084  0.
2436.82941247634  0.
2437.59933624428  0.
2438.36926001222  0.
2439.13918378016  0.
2439.90910754809  0.
2440.67903131603  0.
2441.44895508397  0.
2442.21887885191  0.
2442.98880261985  0.
2443.75872638779  0.
2444.52865015573  0.
2445.29857392367  0.
2446.06849769161  0.
2446.83842145954  0.
2447.60834522748  0.
2448.37826899542  0.
2449.14819276336  0.
2449.9181165313  0.
2450.68804029924  0.
2451.45796406718  0.
2452.22788783512  0.
2452.99781160306  0.
2453.767735371  0.
2454.53765913893  0.
2455.30758290687  0.
2456.07750667481  0.
2456.84743044275  0.
2457.61735421069  0.
2458.38727797863  0.
2459.15720174657  0.
2459.92712551451  0.
2460.69704928245  0.
2461.46697305038  0.
2462.23689681832  0.
2463.00682058626  0.
2463.7767443542  0.
2464.54666812214  0.
2465.31659189008  0.
2466.08651565802  0.
2466.85643942596  0.
2467.6263631939  0.
2468.39628696183  0.
2469.16621072977  0.
2469.93613449771  0.
2470.70605826565  0.
2471.47598203359  0.
2472.24590580153  0.
2473.01582956947  0.
2473.78575333741  0.
2474.55567710535  0.
2475.32560087329  0.
2476.09552464122  0.
2476.86544840916  0.
2477.6353721771  0.
2478.40529594504  0.
2479.17521971298  0.
2479.94514348092  0.
2480.71506724886  0.
2481.4849910168  0.
2482.25491478474  0.
2483.02483855268  0.
2483.79476232061  0.
2484.56468608855  0.
2485.33460985649  0.
2486.10453362443  0.
2486.87445739237  0.
2487.64438116031  0.
2488.41430492825  0.
2489.18422869619  0.
2489.95415246413  0.
2490.72407623206  0.
2491.494  0.
